233 417 468 499 763 857 922 927 1123 1142 1219 1356 1703 1824 1919 2285 2481 2608 2752 2888 3091 3132 3162 3289 3309 3342 3365 3418 3419 3524 3872 3985 4006 4413 4640 4676 4743 4756 4810 
57 298 551 578 733 852 1081 1273 1291 1330 1761 2166 2175 2221 2326 2656 2770 2983 3119 3140 3259 3539 3787 3895 3903 3907 4262 4288 4501 4769 4971 4982 
154 235 282 363 419 442 469 561 713 956 996 1011 1280 1358 1492 1725 1749 1885 1990 2107 2156 2172 2222 2228 2230 2259 2272 2403 2470 2677 2937 3206 3371 3406 3694 3731 3923 3975 3994 3997 4007 4083 4561 4944 
257 306 707 708 772 1251 1392 1490 1536 1556 1903 2014 2201 2444 2494 2776 2853 3080 3141 3652 4175 4185 4198 4280 4406 4578 4883 
301 379 590 756 792 853 1032 1042 1239 1263 1555 1668 1778 1905 2061 2067 2072 2318 2363 2386 2419 2574 2614 3048 3788 4064 4111 4119 4323 4341 4811 4814 
109 213 360 368 416 429 502 547 919 946 977 1354 1653 1765 1974 2224 2332 2453 2521 2714 3072 3073 3131 3352 3391 3410 3416 3970 4063 4167 4426 4445 4642 4854 
75 161 250 366 441 739 1165 1189 1198 1293 1302 1388 1602 1613 1750 1849 2208 2250 2522 2666 2695 2741 2791 2832 2845 2898 2940 2957 3097 3168 3181 3222 3227 3291 3295 3370 3458 3600 3927 3942 4092 4144 4150 4293 4393 4403 4611 4717 4765 
139 251 408 487 775 837 1125 1633 1758 1759 1798 1809 1857 1945 2144 2269 2611 2773 2775 2936 2980 3103 3156 3305 3428 3477 3695 3727 3794 3830 3925 3934 4005 4047 4187 4219 4230 4354 4475 4874 
262 550 552 625 688 719 871 881 948 1020 1053 1305 1408 1417 1588 1623 1771 1806 2213 2528 2534 2560 2579 2628 2889 2991 3043 3049 3111 3405 3501 3716 3789 3918 3920 3943 4023 4380 4437 4543 4694 4724 4823 4983 
18 53 260 738 923 1037 1057 1202 1299 1310 1469 1542 1548 1584 1637 2135 2200 2264 2325 2383 2526 2580 2736 2871 3077 3092 3387 3489 3636 3640 3747 3912 3963 4099 4100 4176 4468 4493 4534 4536 4639 4964 
122 167 302 337 482 513 514 563 577 617 665 680 686 888 924 1005 1076 1177 1520 1550 1569 1604 1803 1907 1968 2188 2235 2465 2496 2524 2657 2896 3155 3319 3491 3499 3531 3826 4121 4303 4379 4425 4581 4586 4610 4784 4826 4993 
42 63 77 144 330 358 387 406 736 855 867 1129 1179 1292 1432 1533 1654 1690 1816 2310 2341 2379 2436 2440 2502 2616 2717 2722 3093 3301 3433 3818 3843 3862 3958 3990 4194 4415 4444 4665 
65 243 284 428 542 672 1002 1047 1068 1105 1131 1133 1188 1204 1466 1532 1634 1646 1807 2126 2183 2298 2317 2333 2389 2484 2618 2640 2655 2678 2682 2784 3009 3350 3611 3678 3708 3790 3887 4031 4074 4124 4332 4360 4384 4597 4671 4692 
44 121 128 176 239 493 572 657 805 836 850 1254 1287 1426 1500 1621 2361 2639 2978 3001 3041 3175 3198 3233 3456 3820 4088 4229 4494 4506 4528 4599 4904 
268 348 356 361 444 545 914 1026 1288 1407 1448 1557 1563 1618 1679 1815 1837 1972 2799 2841 2953 2995 3047 3238 3540 3683 4226 4402 4404 4780 4872 4911 
69 165 518 532 676 762 985 1485 2044 2074 2080 2373 2402 2797 3242 3714 3849 4246 4337 4532 4544 4767 4877 
170 295 448 476 480 491 540 647 682 718 840 877 917 931 995 1274 1438 1517 1794 1852 1854 2005 2037 2117 2338 2362 2414 2462 2591 2623 2935 3078 3519 3575 3582 3719 4087 4136 4138 4572 4628 4751 4804 4812 4861 4989 
639 821 926 934 1731 1886 1976 1978 2137 2164 2460 2634 2934 3157 3212 3250 3357 3450 3667 3698 3799 4330 4889 
132 253 505 619 820 991 1029 1308 1318 1470 1472 1644 2010 2019 2136 2170 2223 2434 2766 2830 2924 3042 3055 3245 3252 3432 3453 3627 3687 4109 4211 4252 4351 4434 4649 4659 4776 4867 4947 
36 56 70 96 188 386 390 726 731 847 903 939 957 1003 1134 1319 1515 1684 1721 2174 2368 2541 2545 3383 3402 3655 4120 4244 4271 4274 4386 4412 4594 4623 4735 4856 4900 4906 4987 
1 72 117 325 670 835 960 987 1178 1255 1345 1486 1748 1884 1910 1979 2102 2292 2588 2632 2786 2839 2867 3127 3184 3247 3333 3568 3626 3746 3835 3874 4215 4234 4236 4259 4270 4322 4325 4373 4428 4453 4487 4998 
134 204 223 453 937 1060 1083 1187 1301 1489 1553 1607 1831 1904 2140 2143 2186 2394 2680 2809 2965 3083 3125 3187 3199 3220 3306 3356 3373 3377 3415 3442 3774 3786 3814 4081 4225 4721 4772 4786 4886 
102 202 434 604 661 1012 1014 1257 1258 1336 1367 1530 1590 1625 1752 1784 1971 2057 2449 2762 2818 2964 3490 3592 3828 3901 3967 4192 4241 4496 4695 4879 
241 1137 1685 1735 1880 1897 2049 2598 2606 2731 3067 3271 3580 3603 4097 4141 4359 4571 4848 4855 
6 68 151 343 385 461 638 851 879 1009 1122 1225 1322 1409 1561 1606 1673 1878 2028 2262 2378 2412 2519 2555 2733 2923 2942 2986 3087 3149 3349 3358 3399 3429 3460 3473 3534 3537 3585 3657 3739 3800 3801 3809 3870 4034 4207 4326 4752 
183 395 397 435 576 580 641 703 862 1050 1230 1244 1307 1384 1562 1605 1664 1781 2097 2124 2129 2153 2171 2215 2351 2420 2652 2709 2821 2914 3120 3166 3241 3469 3803 3952 4075 4287 4369 4389 4498 4584 4759 4945 
270 694 787 1090 1233 1235 1298 1568 1580 1706 1717 1997 2165 2249 2384 2443 2548 2669 3021 3062 3362 3553 3838 3839 4026 4164 4535 4558 4675 4979 
182 232 263 265 522 752 768 799 1851 1899 2100 2169 2488 2539 3172 3277 3510 3710 3945 4134 4171 4228 4291 4555 4924 4928 4934 
66 180 207 314 585 608 706 771 854 873 1493 1947 1958 2114 2125 2559 2794 2988 3142 3211 3512 3632 3701 3706 3763 3766 3778 3860 3977 4188 4391 4633 4667 4847 4903 
193 380 477 774 882 1376 1501 1559 1693 1797 2219 2409 2984 3057 3552 3649 3776 3844 3906 3996 4049 4281 4314 4489 4539 4736 4813 
322 439 778 895 1223 1391 1558 1760 1788 1875 1962 2266 2278 2422 2825 2868 2893 2987 3207 3348 3837 4529 4541 4551 4689 
158 463 497 508 553 615 654 725 831 933 1192 1420 1454 1504 1546 1572 1592 1869 1872 2060 2091 2184 2240 2364 2404 2504 2651 2676 2737 2751 2852 2931 3197 3438 3459 3584 3873 4204 4264 4516 4600 4773 4824 
52 59 255 338 354 391 458 846 906 972 1055 1370 1444 1699 1708 1977 2095 2152 2245 2314 2329 2542 2637 2642 2643 2723 3054 3063 3219 3255 3286 3324 3325 3364 3455 3514 3758 4129 4151 4154 4777 4901 4941 
384 517 528 557 737 839 889 1160 1351 1373 1404 1484 1595 1632 1926 1969 2000 2977 3032 3304 3689 3821 3936 3999 4265 4335 4457 4646 4699 4728 4797 4849 4876 4962 
248 524 529 673 844 954 974 1028 1058 1206 1216 1250 1343 1512 1695 1719 1791 1924 2610 2693 2824 2878 3053 3059 3195 3253 3269 3807 3951 3968 4048 4355 4361 4363 4401 4577 4788 
50 111 118 536 549 698 1040 1062 1114 1209 1460 1665 1766 2236 2360 2395 2463 2702 2749 2928 3274 3625 4179 4298 4438 4603 4662 
103 191 274 297 320 671 681 874 973 992 1015 1044 1088 1101 1175 1282 1511 1577 1587 1647 1848 1927 1983 2154 2674 2790 2877 3015 3023 3040 3096 3180 3225 3403 3756 3757 3793 3939 3972 4148 4258 4294 4575 4637 4709 4845 4935 
73 177 1070 1321 1329 1416 1461 1513 1526 2092 2441 2573 2708 3090 3213 3565 3602 3673 3881 4022 4184 4248 4385 4809 
141 148 398 423 1650 1746 1763 1921 2026 2287 2320 2370 2478 2621 2650 3705 3865 4110 4227 4268 4521 4893 
472 655 1499 1841 1856 1912 1964 2033 2039 2045 2106 2469 2782 2805 3058 3315 3366 3610 3765 4009 4035 4061 4300 4447 4799 4898 
60 175 454 597 622 644 813 897 958 988 1051 1252 1360 1435 1808 1827 1930 1943 2128 2300 2345 2471 2615 2658 2810 3148 3204 3426 3590 3598 3691 3886 3982 4069 4295 4344 4472 4550 4793 4841 4946 
38 79 221 242 375 443 464 498 523 890 1357 1464 1833 1889 2031 2116 2277 2607 2894 2897 3019 3107 3374 3622 3662 3724 3980 4260 4748 4768 
30 246 289 579 601 656 875 1176 1331 1364 1421 1431 1507 1696 1745 2283 2336 2910 2938 2968 3202 3229 3509 3586 3633 3690 3709 3877 4375 4697 4970 
254 710 1112 1117 1143 1144 1525 1579 2012 2366 2411 2483 2547 2811 2826 2854 2862 2930 3634 3638 4387 4398 4433 4466 4467 4537 4693 
8 39 400 751 766 907 959 1082 1139 1207 1385 1399 1981 2263 2740 2798 3733 4107 4203 4567 4638 4648 4652 4731 4953 
80 104 124 296 347 353 594 704 721 759 1238 1246 1344 1424 1616 1620 1754 1893 2258 2340 2433 2446 2553 2783 2789 3013 3017 3024 3594 3631 3704 3850 3857 3900 4139 4197 
78 319 371 401 409 527 659 715 870 1084 1151 1183 1185 1276 1764 1774 1793 1868 2003 2088 2352 2450 2510 2514 2589 2592 2627 2668 2691 2694 2873 3003 3028 3123 3360 3465 3566 3641 3742 4085 4195 4346 4408 4442 4570 4706 4921 
174 369 462 539 592 728 1033 1092 1169 1232 1248 1289 1355 2085 2108 2303 2529 2604 2636 2698 2843 2999 3037 3167 3237 3444 3880 3924 4446 4470 4502 4656 4750 4878 4909 4913 4917 4974 
27 28 99 245 287 364 451 581 627 630 887 1297 1609 1627 1692 1792 2036 2179 2211 2281 2304 2355 2511 2537 2756 2939 3007 3082 3106 3124 3165 3240 3322 3355 3372 3392 3879 3913 3988 4036 4038 4140 4191 4435 4781 4820 4995 
88 224 256 447 716 741 827 967 1243 1659 1769 1782 1786 1790 1814 1835 1860 1935 2177 2181 2241 2367 2406 2448 2525 2597 2727 2851 3232 3345 3386 3425 3569 3639 3684 4025 4043 4104 4122 4152 4276 4315 4540 4590 4607 4720 4746 4926 
160 169 313 329 421 436 559 573 658 668 1111 1168 1226 1514 1629 1672 1866 1966 2131 2356 2381 2479 2515 2577 2593 2624 2675 3012 3176 3328 3563 3628 3645 3782 3812 3962 3971 3979 4091 4189 4365 4461 4655 4705 4827 4851 
90 445 760 876 1091 1284 1534 2194 2505 2506 2518 2815 2822 2944 3173 3278 3331 3544 3558 3607 3675 3713 3909 4040 4212 4484 4552 4708 4732 4807 
452 869 894 913 963 1095 1689 2147 2415 2645 2699 2707 2759 2899 3334 3674 3764 3819 3961 4328 4526 4542 4614 4707 
403 531 935 1348 1372 1481 1523 1712 1995 2176 2527 2561 2777 3267 3417 3753 3769 4098 4216 4224 4591 
171 198 632 637 691 744 745 795 929 982 984 1156 1217 1218 1311 1378 1496 1591 1751 1838 1953 1973 2042 2075 2079 2294 2437 2769 2881 2976 3112 3150 3257 3272 3341 3359 3596 3738 3808 3847 3866 4046 4353 4364 4517 4757 4764 4980 
414 587 623 818 832 1039 1361 2027 2313 2328 2765 2774 3275 3408 3550 3715 3953 4345 4376 4394 4553 
10 67 74 82 153 178 192 229 249 259 285 432 500 616 687 695 976 1072 1380 1519 1598 1901 2004 2032 2227 2315 2396 2622 2689 2713 2819 2840 3144 3163 3294 3393 3664 3712 3796 3960 4079 4128 4350 4407 4787 4829 4956 
291 483 614 693 712 748 859 943 1210 1539 1667 1715 1767 2134 2391 2530 2705 2730 3038 3100 3302 3495 3543 3974 4032 4388 4439 4479 4557 4569 4602 4612 4653 4657 4853 4929 
21 62 402 896 1066 1197 1612 1645 1694 2120 2138 2267 2641 2703 2951 3254 3743 3858 4132 4153 4371 4414 4420 4458 4936 4967 
107 172 190 217 219 277 303 334 488 570 586 796 886 1146 1711 1975 2025 2432 2673 2793 2829 2915 2960 3243 3246 3618 3644 3702 3823 3827 3859 3868 3998 4145 4172 4279 4450 4681 4866 4996 
317 331 556 696 825 1340 1406 1428 1638 1757 2243 2385 2464 2771 2904 3205 3398 3494 3736 3932 4072 4096 4687 
14 40 81 335 341 466 538 566 575 588 1740 1795 1799 1891 1994 2231 2233 2257 2458 2564 2659 2892 2989 3030 3164 3177 3382 4015 4020 4159 4245 4441 4492 4525 4585 
231 283 457 1259 1338 1619 1730 1980 2239 2387 2903 3004 3065 3284 3422 3605 3617 3779 4383 4486 4491 4524 
189 281 495 560 830 952 961 971 1103 1270 1346 1475 1564 1611 1630 1865 2497 2585 2848 2906 3248 3500 3811 4208 4222 4436 4464 4740 4744 
116 631 690 921 1440 1576 1585 2477 2516 2601 2720 2725 2970 3095 3174 3300 3806 4067 4125 4170 4405 4896 
71 106 123 310 323 383 459 567 599 648 678 747 823 1008 1021 1022 1135 1159 1180 1332 1341 1521 1537 1608 1928 2133 2148 2795 3005 3044 3066 3421 3464 3528 3613 3721 3848 3914 4090 4177 4397 4645 4818 4846 4958 
86 212 501 730 969 999 1527 1596 1989 2090 2543 3101 3108 3179 3182 3385 3475 3556 3616 3620 3680 4318 4518 
318 345 413 624 753 884 1094 1164 1172 1381 1855 1879 1951 1970 2123 2945 3014 3075 3135 3340 3375 3647 3717 3767 4094 4549 4627 
20 101 492 683 841 1079 1152 1201 1212 1285 1639 1716 1796 1867 2141 2204 2288 2342 2590 2603 2779 2792 2803 3035 3293 3549 3919 3950 4609 4660 4719 4753 4840 4890 
159 181 225 279 381 507 729 801 1000 1118 1190 1191 1503 1551 1589 1850 1861 2023 2030 2229 2268 2376 2662 2739 2780 3133 3189 3200 3217 3381 3420 3474 3726 3944 3991 4028 4348 4495 4514 4615 4738 
426 645 720 724 806 899 1007 1038 1441 1505 1545 1697 1892 2490 2566 2647 3018 3570 3653 3692 3729 3775 3897 4168 4202 4527 4560 4661 4704 4713 4801 
261 350 520 689 902 1194 1249 1313 1531 1583 1783 1931 2035 2063 2157 2163 2337 2393 2468 2745 2767 2837 3056 3218 3290 3461 3546 3619 3654 3697 3725 3815 3940 4161 4190 4196 4565 4566 4608 4714 4802 4910 
197 321 509 562 833 891 916 930 1019 1074 1158 1326 1377 1449 1482 1508 1688 1738 1883 1920 2066 2083 2084 2155 2427 2499 2586 2804 2860 3088 3312 3390 3468 3535 3599 3604 3730 3885 3908 3981 4001 4127 4147 4254 4266 4631 4696 4800 
23 208 411 465 800 834 842 947 953 983 1093 1181 1241 1283 1335 2132 2191 2225 2509 3118 3160 3251 3273 3547 3780 3899 4017 4073 4131 4220 4370 4576 4617 4833 
48 286 449 583 677 727 816 893 1031 1245 1451 1733 1741 1812 1915 2475 2487 2584 2620 2664 2872 2975 3287 3437 3440 3446 3447 3513 3560 3750 4045 4095 4105 4240 4374 4399 4504 4763 4822 4905 4925 
127 373 382 420 757 826 989 1075 1265 1445 1898 1961 2158 2491 2500 3515 3659 4002 4050 4574 4891 
156 216 722 740 986 1085 1161 1182 1412 1535 1687 1737 1787 1847 1863 1939 2098 2252 2357 2540 2670 2880 2907 3407 3496 3522 3635 3637 3650 3867 3891 3898 3969 4078 4118 4299 4305 4443 4670 4939 4948 
685 761 918 964 1089 1100 1106 1215 1261 1324 1394 1600 1722 1739 1747 1842 1845 1874 1940 1959 2034 2168 2173 2178 2237 2480 2596 2864 2963 2994 3214 3216 3235 3813 3840 3955 4057 4243 4286 4510 4564 4613 4668 4725 4965 
35 388 481 780 1049 1098 1120 1268 1415 1439 1487 1780 1963 1988 2002 2961 3079 3122 3351 3728 3761 3896 3973 3992 4239 4819 
240 308 327 1236 1266 1452 1473 1724 1821 1836 1984 2022 2150 2162 2286 2418 2578 2688 2711 2726 2781 2833 2955 2996 4311 4377 4477 4547 4701 
9 275 290 484 1173 1456 2048 2064 2273 2334 2442 2550 2635 3314 3343 3380 3770 4449 4533 4568 
332 394 564 868 880 920 1147 1581 1813 1933 2617 2654 3288 3297 3378 3523 3855 4357 4392 4418 4580 4805 4918 4927 4966 
55 97 137 162 555 600 798 912 1036 1157 1414 1419 1946 2306 2401 2538 2690 2772 3085 3086 3396 3434 3869 4206 4473 4509 4588 4984 
200 437 543 546 633 643 962 1148 1342 1442 1506 1917 2013 2015 2346 2644 2687 2704 2838 2958 3104 3116 3196 3262 3281 3498 3502 3606 3791 3905 4137 4275 4382 4741 
43 525 910 944 1097 1222 1229 1316 1457 1477 1622 1709 1925 2190 2371 2489 2495 2954 3183 3339 3454 3521 3781 3863 4029 4674 4865 
76 328 346 653 829 1113 1272 1574 1640 1671 2226 2552 2712 2908 3296 3363 3379 3735 4101 4422 4548 4620 
3 269 316 582 717 978 1167 1337 1570 1597 1702 1820 2087 2159 2349 2353 2399 2476 2523 2602 2933 2959 3234 3279 3409 3666 3732 3795 3798 3822 3852 4065 4126 4135 4174 4349 4955 
339 530 723 749 900 1104 1174 1184 1369 1662 1663 1932 2256 2820 2876 3130 3472 3482 3554 3651 3749 3832 3854 4033 4103 4429 4451 4596 4690 4760 4817 
535 746 824 915 938 965 1601 1636 1770 1789 1965 2111 2282 2299 2322 2556 2587 2732 2738 2817 2835 2891 2969 2981 3046 3203 3228 3299 3354 3467 3542 3577 3734 3783 3882 3910 4155 4310 4511 4990 
33 89 110 142 236 293 367 370 456 558 569 612 620 667 1006 1027 1045 1127 1150 1549 2058 2254 2467 2520 2671 2754 3102 3170 3194 3201 3337 3369 3646 3648 3703 3902 3937 4146 4199 4237 4238 4290 4452 4507 4782 4860 5000 
427 519 596 634 1208 1224 1323 1379 1413 1992 2209 2276 2417 2472 2706 2806 3161 3321 3449 3551 3597 3771 3833 4169 4218 4324 4462 4471 4722 4873 4988 
222 234 374 431 440 489 490 652 664 777 781 1304 1314 1509 1528 1652 1811 1870 2024 2069 2146 2212 2743 2855 2901 2905 3209 3326 3344 3395 3412 3452 3484 3505 3532 3538 3677 3893 4011 4113 4317 4421 4914 
130 264 709 1086 1109 1294 1401 1430 1497 1522 1710 1732 1742 1804 2009 2018 2081 2167 2234 2369 2454 2557 2710 2836 2875 2985 3264 3308 3497 3875 3935 3965 4008 4054 4163 4766 4837 4923 4957 
114 138 201 430 732 735 898 911 1429 1678 1682 1736 1743 1777 1810 2242 2485 2544 2672 2753 2902 2925 3070 3126 3579 3591 3959 4356 4512 4775 4954 4961 4968 
228 238 267 304 475 544 613 828 936 1025 1353 1382 1471 1603 1670 1683 2043 2327 2681 2849 2941 3052 3098 3193 3283 3338 3486 3581 3759 4249 4432 4530 4630 4644 4783 4869 4985 
54 565 860 905 1059 1290 1350 1418 1447 1468 1762 1960 2054 2112 2193 2354 2456 2887 3071 3134 3154 3226 3853 3954 4060 4256 4523 4711 4770 4774 
19 49 51 203 504 770 1277 1463 1661 1902 2101 2546 2869 3186 3389 3890 4156 4666 4685 4726 
91 292 593 794 848 1063 1128 1145 1162 1371 1433 1450 1593 1615 1658 1713 1936 1991 2008 2296 2348 2512 2575 2582 2718 2900 3036 3045 3061 3224 3270 3466 3516 3517 3595 3836 3995 4004 4424 4485 4672 4806 
7 305 355 399 473 571 660 785 975 1195 1271 1309 1368 1478 1631 1726 1937 1949 2001 2068 2086 2312 2335 2339 2884 2992 3076 3128 3136 3260 3520 3656 3917 3933 3976 4201 4242 4312 4320 4463 4641 4836 
309 352 636 784 1136 1296 1776 2065 2382 2757 2967 2993 3137 3221 3298 3441 3506 3737 3768 3894 4030 4183 4214 4235 4269 4538 4852 
415 478 541 743 1069 1328 1363 1459 1801 1906 1944 2203 2549 2605 2663 2719 2788 2874 3002 3282 3430 3439 3567 3884 3978 4003 4014 4082 4316 4334 4430 4647 4779 
131 340 526 591 783 791 809 864 990 1121 1262 1366 1425 1476 1582 1676 1768 2390 2410 2430 2455 2785 2885 3010 3027 3084 3143 3258 3414 3562 3612 3834 3883 3916 3947 4000 4041 4130 4289 4342 4815 4952 4978 4999 
155 166 496 584 666 793 803 1046 1138 1455 1651 1698 1832 1887 1911 1913 2103 2119 2425 2744 2750 2778 2909 2998 3000 3025 3115 3139 3145 3256 3423 3471 3527 3929 3948 3989 4213 4327 4338 4358 4396 4508 4632 4703 4857 4912 4938 
278 307 606 679 843 1237 1339 1462 1567 1843 2205 2405 2493 2660 3034 3388 3672 4051 4482 4546 4678 4838 
12 15 271 422 742 866 1166 1365 1411 1728 1800 2196 2247 2265 2413 2513 2567 3105 3185 3231 3244 3353 3555 3911 3931 4012 4058 4115 4142 4173 4209 4352 4362 4515 4710 4723 4839 4871 4915 
95 405 515 942 1278 1303 1405 1675 1720 1772 1853 2199 2261 2331 2685 2768 2865 3266 3928 4440 4454 4643 4794 4907 4981 
92 93 135 237 684 789 1540 1956 2149 2271 2307 2646 2823 3094 3265 3327 3470 3511 4010 4340 4416 4480 4587 4698 4747 4785 
359 407 470 769 1023 1130 1390 1541 1566 1642 1859 2062 2375 2447 2507 2599 2661 2697 2917 3089 3530 3614 3676 3685 3861 3889 3921 3964 4019 4158 4304 4448 4520 4625 4795 4942 
47 146 194 362 554 646 767 908 932 1024 1034 1397 1744 1825 1938 2076 2093 2127 2347 2570 2796 2856 3006 3064 3824 4459 4563 4742 4803 4888 4919 4976 
143 149 186 196 455 925 1153 1227 1400 1594 1950 2082 2295 2302 2305 2700 2971 3261 3411 3700 3846 4166 4223 4505 4654 4895 
697 776 994 1030 1149 1648 1669 1729 1895 2056 2105 2192 2275 2308 2316 2517 2895 2919 3022 3307 3318 3397 3682 3864 3892 3938 4018 4108 4157 4301 4381 4554 4622 4673 4863 4864 
247 603 700 758 1141 1196 1231 1269 1347 1359 1383 1437 1882 1929 1982 2344 2581 2812 2883 3016 3223 3347 3751 4066 4089 4519 4680 4880 
22 215 336 349 450 699 1016 1073 1080 1205 1320 1374 1635 1846 1876 1916 2118 2182 2206 2701 2716 2734 2755 2760 2828 2842 2922 2966 3572 3660 3696 3805 3831 4039 4102 4247 4478 4616 4684 4734 4862 
404 418 494 817 1107 1108 1171 1805 2198 2696 3109 3276 3292 3394 3573 3773 4112 4123 4308 4583 4650 4940 
26 100 788 814 1004 1056 1110 1333 1474 1516 1660 1828 1894 1986 2214 2569 2918 3050 3525 3533 3557 3589 3658 3722 3802 3829 4070 4116 4221 4601 4635 4712 4771 4791 4825 4881 
164 184 342 344 410 574 610 790 878 1163 1614 1657 1998 2016 2319 2400 2466 2649 2665 2728 2946 2974 3011 3129 3332 3529 3679 3810 4595 4629 4730 4816 4821 
119 157 412 750 819 1017 1829 1873 1985 2160 2350 2397 2428 2474 2503 2921 2952 3151 3280 3285 3445 3609 3665 3668 3671 3876 3966 4231 4302 4390 4411 
94 618 702 909 1061 1300 1387 1494 1707 1934 2330 2438 2692 3020 3031 3068 3147 3190 3401 3548 3559 3661 3711 3987 4182 4431 4975 
46 179 357 365 568 701 754 949 968 1155 1247 1327 1524 1628 1641 1681 1819 1844 2017 2185 2451 2667 2847 2913 3208 3329 3361 3436 3488 3504 3741 3904 4261 4331 4395 4417 4582 4778 4850 
37 115 126 863 865 1013 1434 1436 1565 1649 1734 2284 2572 2631 2808 2816 2861 2920 3152 3191 3346 3480 3693 3745 4278 4306 4329 4419 4830 4870 4977 
5 25 84 87 210 214 230 433 467 651 904 1119 1410 1427 1479 1495 1502 1987 2021 2180 2217 2445 2498 2558 2571 2612 2787 2802 2916 2973 3051 3303 3330 3608 3688 3755 4052 4333 4488 4500 4562 4619 4691 4834 4875 4887 4960 
29 145 195 252 294 516 705 955 1267 1422 1656 1896 2270 2274 2501 2532 2562 2595 2746 2859 2911 3146 3492 3723 3785 3816 4205 4309 4409 4465 4986 
113 150 315 479 510 609 662 802 804 883 1256 1349 1538 1575 1586 1666 1864 2115 2189 2255 2343 2377 2398 2407 2594 2956 3210 3236 3249 3760 4059 4162 4737 4745 4859 4931 4933 4943 
2 34 438 1099 1132 1352 1543 1578 1755 1802 1941 2359 2423 2492 2814 2844 2863 3335 3615 3748 4669 4792 
13 129 389 611 807 808 966 1240 1281 1467 1643 1655 1756 2089 2244 2583 2629 2800 2813 3317 3915 3983 4086 4321 4366 4621 4624 4835 4858 4922 4997 
32 226 511 605 626 755 838 856 951 979 993 1067 1087 1116 1199 1221 1458 1714 1718 1877 1900 2279 2291 2374 2461 2551 2633 2827 3153 3171 3188 3435 3463 3621 3629 3669 4044 4178 4282 4460 4499 4658 4729 4842 4892 4950 4951 
533 642 849 940 981 1064 1253 1279 1498 1552 1599 1677 1753 1862 2046 2121 2122 2197 2321 2576 2653 3367 3376 3508 3574 3601 3624 3797 4592 4606 4686 4700 4716 4828 4897 4994 
31 108 199 227 272 351 393 425 1035 1203 1242 1295 1317 1544 1624 1834 1858 2011 2324 2715 2857 3424 3643 3845 4062 4250 4272 4285 4513 4579 4589 4702 4727 4762 4894 4992 
98 209 378 822 1312 1402 1510 1529 1704 1817 1996 2006 2431 3564 3777 3878 4042 4056 4593 4688 
185 460 506 534 779 812 815 872 1001 1071 1154 1211 1389 1395 1560 1674 1785 1888 1993 1999 2041 2059 2113 2139 2142 2207 2218 2220 2248 2424 2724 2926 3117 3239 3518 3681 3841 3984 4053 4114 4253 4664 4715 4718 4754 4832 4884 4972 4973 
105 797 845 928 1048 1065 1096 1102 1115 1214 1334 1547 1571 1881 1918 1922 1955 2029 2055 2130 2280 2426 2508 2684 3033 3121 3443 3507 3571 3707 3792 4013 4027 4181 4255 4469 4604 4796 
187 218 537 607 621 734 1054 1126 1234 1398 1483 1488 1610 1617 2104 2216 2290 2421 2531 2735 2927 2929 2979 3039 3060 3114 3169 3457 3583 3762 4093 4200 4210 4733 4749 
16 125 299 376 675 786 945 1140 1306 1423 1465 1554 1701 1779 1818 1942 2096 2309 2323 2452 3029 3158 3178 3313 3384 3404 3720 3993 4076 4143 4149 4217 4267 4313 4372 4522 4605 4808 4949 
4 83 120 140 152 446 485 486 764 765 782 980 997 1213 1220 1393 1773 1954 2099 2109 2232 2435 2473 2486 2748 2807 3110 3310 3311 3400 3431 3483 3503 3561 3587 3588 3941 3946 3949 3956 4180 4277 4490 4739 4758 4899 
85 173 206 312 602 663 861 941 1010 1186 1286 1362 1923 1957 1967 2187 2297 2408 2747 2758 2763 2850 2949 3485 3871 4257 4598 4790 4908 4991 
61 396 970 1041 1200 1446 1680 1914 2020 2260 2563 3192 3268 3320 3323 3481 3576 3686 4133 4423 4789 4930 
649 885 892 1077 1124 1453 1775 1871 2038 2050 2293 2429 2457 2554 2625 2948 3008 3113 3851 4071 4474 4618 4626 4831 
58 163 258 273 276 280 300 372 512 1275 1909 2301 2358 2533 2565 2600 2972 2982 3856 3926 3957 4160 4292 4368 4663 4916 
474 589 773 1264 1315 1325 1480 1491 2071 2078 2094 2110 2151 2289 2416 2568 2613 2638 2686 2742 2801 2943 3081 3138 3478 3545 3740 4084 4106 4284 4296 4336 4497 4503 4677 4679 4932 4937 
45 424 595 714 1078 1443 2047 2052 2073 2145 2246 2253 2372 2380 2392 2619 2626 2683 2764 2831 3159 3427 3479 3487 3536 3593 3630 3842 3888 3922 4037 4068 4117 4186 4251 4297 4400 4545 4573 4636 4844 
11 324 377 503 521 669 1626 1700 1705 1822 1823 1908 2202 2388 3069 3368 3451 3623 3825 4080 4273 4798 4843 4920 
24 41 147 288 326 471 548 810 901 1170 1260 1518 2051 2761 2834 2879 2890 2990 3462 3930 4347 4367 4410 4476 4868 
333 635 640 858 1375 2195 2238 2439 2609 2648 2950 3074 3230 3663 3752 4024 4263 4307 4378 4531 
17 168 220 244 628 811 950 1228 1396 1830 1839 2007 2053 2077 2679 2866 2870 2932 2997 3099 3316 3336 3476 3541 3578 3699 3804 3817 3986 4016 4021 4165 4193 4343 4427 4456 4683 4885 4959 
64 112 133 136 205 211 311 392 598 629 650 711 998 1018 1386 1573 1686 1691 1727 1826 1840 1890 2040 2070 2210 2251 2311 2630 2721 2729 2886 2912 2962 3263 3413 3642 3744 3772 3784 4077 4233 4319 4455 4481 4559 4634 4682 4755 4882 4902 
266 674 692 1043 1052 1193 1403 1723 1948 1952 2161 2365 2459 2482 2535 2536 2846 2858 2882 2947 3026 3215 3448 3493 3526 3670 3718 3754 4055 4232 4283 4339 4483 4556 4651 4761 4963 4969 
