254.830902
241.385340
229.983651
216.901244
202.360430
189.069746
179.348456
172.904777
168.530706
165.374398
162.931055
160.913164
159.162491
157.596940
156.179104
154.896117
153.745697
152.726945
151.835672
151.063391
150.398415
149.827566
149.337612
148.916195
148.552290
148.236366
147.960354
147.717533
147.502367
147.310333
147.137756
146.981659
146.839628
146.709704
146.590287
146.480062
146.377940
146.283007
146.194494
146.111739
146.034175
145.961307
145.892698
145.827964
145.766762
145.708783
145.653751
145.601414
145.551545
145.503935
145.458396
145.414752
145.372844
145.332527
145.293665
145.256135
145.219825
145.184631
145.150460
145.117228
145.084861
145.053295
145.022472
144.992347
144.962881
144.934046
144.905821
144.878192
144.851154
144.824707
144.798854
144.773605
144.748970
144.724962
144.701593
144.678874
144.656815
144.635423
144.614702
144.594654
144.575274
144.556557
144.538493
144.521068
144.504267
144.488070
144.472458
144.457408
144.442895
144.428896
144.415384
144.402334
144.389720
144.377517
144.365701
144.354247
144.343134
144.332339
