259103.054438
177731.758795
173193.992146
172846.869129
172552.389890
172055.981838
170777.136435
167573.400469
163624.817022
160767.041532
158820.439009
157618.371284
156847.523686
156309.447071
155914.970249
155610.879434
155362.872039
155148.929368
154955.136060
154773.114883
154598.241785
154428.666481
154264.750716
154108.379628
153962.100199
153828.193091
153708.062881
153602.022240
153509.420082
153428.995806
153359.260639
153298.707259
153245.904613
153199.657971
153159.024433
153123.215411
153091.495812
153063.312515
153038.319750
153016.119423
152996.278079
152978.404930
152962.238389
152947.715237
152934.664549
152922.879481
152912.187575
152902.451116
152893.546868
152885.366234
152877.810857
152870.786733
152864.206463
152858.000101
152852.117611
152846.537626
152841.236381
152836.177228
152831.319212
152826.628120
152822.076404
152817.636111
152813.285365
152809.012836
152804.806612
152800.656499
152796.557121
152792.505091
152788.491078
152784.505889
152780.543566
152776.596050
152772.660265
152768.739707
152764.836989
152760.951662
152757.083435
152753.231643
152749.395556
152745.575013
152741.771048
152737.986919
152734.225747
152730.487946
152726.777901
152723.097481
152719.447173
152715.831861
152712.262156
152708.745506
152705.283438
152701.875501
152698.523111
152695.229342
152691.997447
152688.828260
152685.720190
152682.672643
