623.318578
601.927094
581.975946
556.786233
521.947844
484.273284
453.166728
429.281661
411.814360
399.123583
389.568267
382.071624
375.997998
370.972576
366.764512
363.223516
360.238678
357.712394
355.557977
353.703172
352.089699
350.670767
349.408482
348.271777
347.235073
346.277538
345.382733
344.538376
343.736050
342.970761
342.240312
341.544527
340.884375
340.261130
339.675669
339.128037
338.617292
338.141584
337.698362
337.284617
336.897139
336.532760
336.188629
335.862452
335.552642
335.258294
334.978971
334.714406
334.464225
334.227808
334.004291
333.792653
333.591829
333.400805
333.218677
333.044673
332.878161
332.718641
332.565726
332.419120
332.278596
332.143967
332.015058
331.891681
331.773616
331.660596
331.552285
331.448254
331.347938
331.250559
331.155007
331.059687
330.962367
330.860214
330.750304
330.630845
330.502579
330.368935
330.234186
330.101218
329.970814
329.842343
329.714674
329.586716
329.457592
329.326636
329.193351
329.057365
328.918407
328.776294
328.630929
328.482299
328.330472
328.175595
328.017879
327.857597
327.695068
327.530662
