513.610273
471.197032
452.355141
427.943895
396.191467
362.430585
335.097217
315.651768
301.277644
290.391771
281.915037
274.979857
268.887533
262.878612
256.558814
251.055973
246.816032
243.522573
241.040506
239.237845
237.960018
237.062975
236.431313
235.980552
235.652155
235.406856
235.218732
235.070727
234.951548
234.853616
234.771759
234.702373
234.642897
234.591471
234.546711
234.507560
234.473189
234.442932
234.416240
234.392648
234.371760
234.353235
234.336773
234.322116
234.309038
234.297340
234.286851
234.277422
234.268922
234.261240
234.254276
234.247946
234.242177
234.236905
234.232074
234.227636
234.223549
234.219776
234.216286
234.213052
234.210047
234.207252
234.204647
234.202215
234.199942
234.197814
234.195820
234.193949
234.192190
234.190537
234.188980
234.187512
234.186127
234.184819
234.183582
234.182411
234.181302
234.180250
234.179251
234.178302
234.177399
234.176540
234.175721
234.174940
234.174195
234.173483
234.172803
234.172152
234.171529
234.170932
234.170360
234.169811
234.169284
234.168779
234.168293
234.167826
234.167377
234.166945
