345.635233
41.310909
40.062573
38.637909
35.807360
32.250109
30.182130
29.241805
28.881328
28.753458
28.705151
28.684197
28.673713
28.667854
28.664320
28.662079
28.660608
28.659615
28.658929
28.658445
28.658096
28.657840
28.657651
28.657510
28.657405
28.657327
28.657270
28.657227
28.657197
28.657174
28.657158
28.657146
28.657138
28.657131
28.657127
28.657123
28.657120
28.657118
28.657117
28.657115
28.657115
28.657114
28.657113
28.657113
28.657112
28.657112
28.657112
28.657112
28.657112
28.657111
28.657111
28.657111
28.657111
28.657111
28.657111
28.657111
28.657111
28.657111
28.657111
28.657111
28.657111
28.657111
28.657111
28.657111
28.657111
28.657111
28.657111
28.657111
28.657111
28.657111
28.657111
28.657111
28.657111
28.657111
28.657111
28.657111
28.657111
28.657111
28.657111
28.657111
28.657111
28.657111
28.657111
28.657111
28.657111
28.657111
28.657111
28.657111
28.657111
28.657111
28.657111
28.657111
28.657111
28.657111
28.657111
28.657111
28.657111
28.657111
28.657111
28.657111
28.657111
28.657111
28.657111
28.657111
28.657111
28.657111
28.657111
28.657111
28.657111
28.657111
28.657111
28.657111
28.657111
28.657111
28.657111
28.657111
28.657111
28.657111
28.657111
28.657111
28.657111
28.657111
28.657111
28.657111
28.657111
28.657111
28.657111
28.657111
28.657111
28.657111
28.657111
28.657111
28.657111
28.657111
28.657111
28.657111
28.657111
28.657111
28.657111
28.657111
28.657111
28.657111
28.657111
28.657111
28.657111
28.657111
28.657111
28.657111
28.657111
28.657111
28.657111
28.657111
28.657111
28.657111
28.657111
28.657111
28.657111
28.657111
28.657111
28.657111
28.657111
28.657111
28.657111
28.657111
28.657111
28.657111
28.657111
28.657111
28.657111
28.657111
28.657111
28.657111
28.657111
28.657111
28.657111
28.657111
28.657111
28.657111
28.657111
28.657111
28.657111
28.657111
28.657111
28.657111
28.657111
28.657111
28.657111
28.657111
28.657111
28.657111
28.657111
28.657111
28.657111
28.657111
28.657111
28.657111
28.657111
28.657111
28.657111
28.657111
