71.824002
60.285737
55.547479
53.037086
51.567994
50.571308
49.786285
49.062703
48.288054
47.356613
46.158911
44.591690
42.597360
40.232243
37.717404
35.369994
33.419270
31.914413
30.789378
29.951318
29.321837
28.844034
28.478011
28.195302
27.974963
27.801380
27.663012
27.551450
27.460615
27.386094
27.324624
27.273729
27.231477
27.196325
27.167018
27.142530
27.122015
27.104778
27.090247
27.077953
27.067513
27.058613
27.050994
27.044448
27.038802
27.033913
27.029665
27.025961
27.022720
27.019877
27.017375
27.015167
27.013214
27.011481
27.009941
27.008568
27.007342
27.006244
27.005259
27.004374
27.003576
27.002855
27.002202
27.001609
27.001069
27.000576
27.000125
26.999710
26.999327
26.998973
26.998644
26.998337
26.998050
26.997779
26.997524
26.997281
26.997050
26.996829
26.996617
26.996412
26.996214
26.996021
26.995833
26.995650
26.995470
26.995294
26.995120
26.994949
26.994781
26.994615
26.994451
26.994289
26.994129
26.993971
26.993815
26.993662
26.993511
26.993362
26.993215
26.993071
