132 420 499 636 709 1168 1215 1298 1762 1825 1896 1968 2069 2147 2225 2721 2849 3524 3719 3899 3938 4144 4226 4290 4310 4312 4480 4512
147 342 579 969 1027 1222 1353 1378 1607 1713 1870 2019 2061 2283 2557 2731 3210 3380 3567 3612 3705 3796 4149 4166 4222 4368 
66 552 593 612 807 924 1063 1259 1422 1525 1569 1580 1601 1692 1980 2066 2537 2771 3015 3331 3343 3508 3593 4204 4245 4280 
74 234 272 326 352 387 1412 1673 1730 2167 2329 2441 2515 2641 2686 3012 3049 3247 3577 3846 3950
190 332 374 386 470 520 1007 1081 1157 1297 1335 1679 1752 1935 2113 2165 2246 2299 2341 2373 2573 2797 2843 2977 2980 3230 3257 3292 3314 3329 3792 3885 3889 3979 4101 4229 4347 4482 4557 4650 4718 4801 4902 4908 4953 4977 4985 
3 139 198 261 535 558 713 856 1037 1070 1098 1164 1201 1323 1377 1392 1849 2042 2105 2233 2352 2417 2815 3236 3426 3528 3766 3876 4355 4424 4573 4581 4586 4664 4703 4726 4740 4745 4754 4755 4823 4916 4947 4966 4978 4994 
114 428 522 716 817 899 989 1128 1213 1609 2279 2414 2494 2532 2570 2683 2892 2929 3177 3235 3874 4073 4089 
4 70 204 542 1140 1156 1267 1488 1597 1782 1889 1914 1941 2457 2700 3000 3020 3199 3519 3822 3881 3882 
225 409 425 456 514 625 722 728 841 1019 1344 1393 1755 2051 2260 2305 2320 2423 2538 2599 3312 3485 3527 3730 4117 4133 4403 
235 307 410 797 886 926 1110 1208 1387 1441 1460 1613 1634 1723 1785 2101 2623 2884 3176 3190 3429 3497 3621 3773 3910 4252 4350 4363 4531 4567 4588 4647 
15 209 397 805 844 1278 1291 1313 1409 1474 1498 1523 1635 1716 1873 1885 1903 2084 2169 2311 2361 2364 2657 2829 2847 2852 2900 2912 2914 2974 3032 3081 3136 3742 3772 3879 3890 3993 4301 4339 4400 4602 4648 4840 4897 4927 4929 4935 4946 4983 
840 944 1066 1093 1250 1258 1264 1534 1991 2079 2177 2253 2342 2360 2431 2489 2593 2676 2752 3031 3096 3104 3124 3224 3298 3386 3487 3490 3653 3803 3915 4247 4294 4471 4499 4656 4677 4748 4827 4856 4871 
62 91 595 659 1190 1448 1490 1540 1726 1911 2044 2080 2135 2140 2144 2190 2211 2276 2464 2810 2868 3158 3418 3433 3971 4150 4180 4189 4233 4360 4435 4489 4509 4547 4604 4662 4671 4870 4903 4904 4905 4942 4961 4969 4974 4975 4979 4995 5000 
191 295 343 430 442 798 839 879 1145 1729 1760 1786 1899 1930 1973 2186 2386 2394 2597 3486 3654 3868 4151 4286 
50 417 477 656 1002 1220 1253 1336 1563 1646 1736 1748 2027 2056 2335 2524 2806 2807 2936 3060 3138 3424 3571 3667 3720 3880 4165 4292 4338 4383 4597 
267 545 833 1010 1114 1260 1482 1641 1897 1944 2146 2174 2270 2443 2483 2569 2863 2909 2972 3592 3639 3645 3784 3978 4041 4271 4477 
27 44 323 836 955 994 1317 1399 1439 1447 1556 1639 1759 1915 2015 2210 2403 2491 2795 2835 3028 3114 3121 3187 3371 3406 3776 3949 3952 3972 4254 4259 4336 4387 4595 4791 
398 412 987 988 1274 1660 2071 2242 2285 2587 2999 3034 3120 3166 3207 3457 3468 3687 3804 3873 4175 4192 4205 
104 262 345 378 422 424 1050 1107 1172 1305 1513 1768 1949 2029 2409 2783 2830 2857 3262 3775 3794 3797 3835 3845 3908 4021 4131 4211 4577 
25 36 38 396 433 475 489 519 529 574 589 765 966 1204 1798 1803 1812 1862 1976 1999 2083 2727 2971 3211 3438 3505 3568 3912 4523 4532 
9 119 285 580 632 912 917 921 1120 1435 1509 1574 1733 1815 2468 2539 2643 2663 2748 2780 2876 2885 3106 3131 3587 3619 3786 3855 3931 4079 4114 4217 4394 4399 4640 4731 
177 183 202 205 318 319 673 684 698 751 829 878 1032 1124 1177 1185 1348 1466 1502 1675 1763 1806 2021 2578 2706 2744 2844 3170 3222 3253 3255 3336 3341 3384 3553 3652 3725 3727 3852 4331 4365 4619 4655 4811 4841 4844 4875 4972 4982 4993 
94 141 268 439 495 789 790 1300 1310 1361 1411 1417 1919 2065 2247 2390 2395 2536 2682 3030 3076 3196 3365 3382 3393 3416 3973 4019 4081 4087 4196 4272 4352 4392 4439 4507 4544 4603 4628 4674 4749 4759 4764 4799 4836 4920 4998 
20 168 602 1043 1256 1695 1757 1775 1888 1924 1959 2143 2507 3040 3232 3367 3392 3444 3755 3789 
5 90 284 490 538 561 710 872 990 1144 1153 1337 1972 2025 2046 2356 2359 2511 2701 2918 2958 3130 3147 3194 3208 3213 3227 3260 3401 3606 3866 3887 4062 4330 4500 4501 4582 4599 4612 4713 4821 4922 4941 
160 181 250 293 473 947 1428 1475 1495 1539 1842 1929 2043 2204 2477 2692 2720 2839 3411 3877 3927 4008 4221 4309 
12 274 306 778 939 1062 1163 1358 1380 1484 1740 1799 1808 2023 2449 2459 2644 2722 2989 3220 3389 3726 3875 4255 4303 4311 4315 4321 4344 4494 4579 4589 4629 4665 
150 153 744 920 1125 1338 1442 1625 1709 1850 2095 2234 2340 2357 2425 2500 2561 2624 2784 2897 3239 3267 3489 3556 3943 
86 296 415 576 615 644 875 906 1080 1119 1503 1530 1535 1593 1617 1837 2075 2215 2621 2639 2648 3018 3035 3360 3432 3521 3660 3697 3713 3785 3823 3840 4037 4076 4116 4181 4212 4289 4340 4473 4515 4538 4540 4552 4689 4714 4761 4913 4988
446 468 474 634 666 730 767 793 895 914 964 972 1183 1275 1318 1320 1519 1579 1608 1618 1636 1937 2098 2127 2298 2325 2552 2661 2671 2945 3085 3396 3541 3561 4038 4109 4293 4428 4760 4843 4860 4889 4893 4945 
135 466 568 756 815 1261 1368 1383 1686 2124 2126 2231 2238 2250 2572 2612 3295 3398 3756 3757 3799 3849 3955 4069 4170 4176 4364 4441 4549 
83 402 437 438 492 517 706 980 1033 1094 1130 1330 1365 1429 1552 1605 1614 1852 3050 3068 3269 3344 3628 3636 3778 3833 3947 4374 4470 4498 4541 4570 4590 4631 4673 4747 4756 4794 4846 4879 4909 4915 4950 
336 353 355 449 723 864 1031 1405 1469 1703 1979 2040 2392 2675 2893 2940 3056 3080 3219 3323 3357 3933 4064 
358 585 707 819 898 1018 1047 1270 1586 1624 1827 2123 2156 2227 2309 2314 2485 2526 2631 2879 2887 3641 3801 3842 4013 4322 4377 
127 155 223 241 253 314 356 383 482 494 702 1206 1359 1410 1500 1603 1770 1773 1831 1925 2116 2149 2353 2366 2713 3270 3659 3859 3904 4157 4162 4173 4265 4319 4351 4389 4618 4636 4696 4720 4738 4863 4866 4869 4923 
69 416 553 663 682 1148 1194 1262 1471 1977 2031 2092 2093 2154 2372 2554 2679 2965 3333 3832 3980 4018 
75 213 341 429 555 832 953 997 1129 1151 1273 1516 1587 2041 2089 2185 2406 2448 2474 2529 2547 3057 3074 3134 3324 3602 3718 3838 4104 4193 4306 4401 4404 4438 4513 4654 4822 4828 
270 367 421 471 592 607 624 675 704 745 891 952 1006 1193 1533 1821 1875 2037 2453 2580 2638 3165 3315 3332 3334 3434 4393 4409 
59 347 414 462 600 662 826 845 963 1060 1135 1689 1693 1881 1960 2134 2182 2304 2471 2501 2693 2765 2798 2883 2908 2949 3100 3555 3600 3676 3932 4012 4119 4120 4137 4201 4237 4300 4472 4587 4810 4931 
120 152 251 288 681 693 1288 1450 1494 1638 1697 1868 2008 2091 2519 2792 2955 3002 3135 3175 3229 3282 3417 3451 3538 3625 3671 3716 3807 4026 4113 4125 4316 4334 4456 4476 4809 4864 4898 4901 
117 243 888 922 1309 1528 1788 1814 1833 2371 2429 2549 2559 2629 2698 2814 3231 3265 3623 3634 3677 3765 3865 3982 4044 4098 4223 4231 
82 303 316 1115 1515 1863 1948 2072 2119 2151 2203 2691 2719 2813 3249 3435 3491 3815 3854 3907 3997 4022 
212 371 457 633 650 929 940 1137 1238 1315 1529 1678 1708 1721 1922 1931 1995 2181 2208 2219 2297 2589 2681 2854 3092 3169 3191 3245 3484 3551 3596 3762 4059 4354 4437 4580 4594 4698 4798 4807 4858 4891 4892 
58 134 308 357 618 773 950 1051 1394 1406 1946 2070 2145 2243 2542 2730 2846 3078 3425 3495 3503 3573 3740 3761 4191 4341 
185 363 476 905 1083 1149 1178 1508 1680 1796 1804 2269 2303 2673 2718 2723 2970 3299 3609 4043 4100 
126 221 405 496 556 645 711 913 1356 1391 1445 1461 1465 1652 1671 1743 1841 2016 2118 2125 2137 2306 2479 2492 2869 2954 3001 3142 3241 3246 3316 3647 3839 4583 4700 4715 
217 354 461 528 770 824 1289 1340 1616 1622 1674 1988 2099 2161 2183 2252 2254 2302 2743 3455 3937 4057 4099 4183 4203 4208 4486 4503 
40 111 172 189 375 511 573 686 692 755 830 1016 1180 1459 1542 1559 1688 2262 2292 2293 2669 2793 2836 2941 2994 3016 3087 3173 3268 3286 3747 3945 4049 4060 4214 4390 4462 4548 4639 4773 4779 4793 4910 
84 294 391 526 531 581 794 1046 1152 1187 1285 1415 1668 1715 1874 1884 2088 2158 2217 2333 2658 2668 2705 2729 3058 3071 3261 3506 3611 3746 3770 3795 4054 4240 4459 4519 4550 4565 4783 4873 4911 4944 4963 4990 4991 4997 
98 145 149 271 333 642 696 697 721 1055 1071 1239 1247 1263 1322 1376 1449 1628 1719 1800 1848 1947 2003 2159 2499 2910 3003 3168 3462 3717 3837 3895 3940 4195 4239 4282 4343 4447 4691 4782 4824 4853 
480 504 784 958 1040 1210 1312 1725 2045 2076 2117 2166 2271 2355 2894 3024 3337 3598 3664 3800 3871 3884 3892 4009 4097 4186 4455 
122 448 672 967 1092 1268 1385 1478 1853 2132 2240 2408 2463 2579 2596 3007 3283 3446 3501 3537 3632 3897 4213 4298 
11 144 169 479 500 981 1072 1113 1223 1346 1414 1467 1582 1791 1864 1923 1981 2085 2207 2493 2591 2715 3137 3276 3388 3504 3650 3704 3817 3967 4027 4324 4407 4642 
54 68 401 497 834 1089 1179 1236 2171 2714 2816 3125 3244 3322 3712 3739 3862 3928 3960 4083 4084 4164 4178 4248 4273 
19 321 540 616 689 941 1074 1101 1122 1419 1961 2133 2213 2422 2472 2509 2583 2678 2762 2984 3055 3156 3192 3287 3327 3348 3413 3512 3558 3674 4080 4134 4174 
71 166 178 245 464 609 646 748 749 847 951 976 1099 1252 1648 2121 2367 2413 2503 2576 2898 2952 3062 3067 3189 3358 3492 3515 3736 3825 3830 4066 4258 4357 4366 4420 4546 4556 4609 4613 4617 4663 4681 4739 4886 4921 
110 233 423 486 613 800 1020 1143 1366 1367 1573 1890 1913 1992 2059 2370 2381 2763 2845 2930 3047 3264 3308 3387 3407 3583 4015 4036 4200 4251 4508 4551 4734 4746 4762 4765 4768 4789 
6 8 327 384 435 510 619 788 1012 1017 1068 1209 1379 1454 1604 1892 1964 2063 2195 2274 2376 2437 2758 2979 2990 3275 3535 3549 3576 3827 3959 4153 4253 4426 4451 4564 4615 4616 4623 4632 4651 4707 4890 4894 4925 4957 4971 
63 77 256 266 611 703 762 777 857 1023 1030 1126 1241 1293 1455 2010 2054 2175 2642 2724 3111 3141 3218 3409 3410 3428 3539 4082 4555 4644 4666 4693 4770 4775 4829 4833 4847 4851 4852 4882 
116 263 275 389 596 660 1088 1327 1440 1458 1576 1809 2060 2100 2136 2150 2323 2568 2630 2789 3149 3376 3805 3867 3924 4095 4112 4160 4220 4267 4372 4410 4493 4514 4621 4795 4805 4831 4845 4854 4857 4881 
89 320 469 537 544 743 758 1075 1229 1234 1437 1667 1691 1826 1877 1882 2273 2396 2434 2617 2946 2948 3209 3279 3339 3363 3374 3469 3510 3546 3560 3578 3953 3990 4264 4371 4421 4436 4468 4510 4537 4627 4690 4778 4814 4838 4936 4956 4984 4987 
337 484 515 534 664 736 823 1507 1822 1844 1902 1938 2035 2082 2109 2350 2791 2988 3069 3094 3372 3502 3618 3857 3983 4249 
51 174 258 543 652 676 729 747 757 962 1451 1463 1643 1696 2178 2214 2469 2548 2699 2865 3086 3099 3317 3732 3858 3986 4168 4414 4461 4578 4659 
224 419 623 760 810 874 998 1398 1468 1477 1483 1501 1656 1845 1880 2130 2216 2266 2301 2354 2458 2635 2654 2850 2903 3027 3083 3310 3483 3498 3614 3820 4046 4329 4345 4483 4646 4757 4792 
121 393 418 505 647 791 876 1029 1091 1182 1304 1457 1588 1893 2034 2074 2112 2490 3180 3319 3370 3758 4040 4314 4432 4453 4481 
138 445 451 508 516 690 715 985 1013 1116 1141 1303 1401 1602 1694 1793 1918 2005 2115 2189 2278 2647 2803 2942 2953 3377 3841 3903 4010 4065 4444 4571 4601 4622 4680 
112 201 394 523 557 564 785 820 1184 1191 1283 1433 1567 1835 1974 1987 2128 2139 2447 2467 2506 2832 2891 3353 3526 3565 3663 3681 3847 3894 3901 4132 4163 4206 4376 4454 4496 4614 4620 4705 4776 4832 4962 4964 4968 4986 4996 4999 
385 512 621 679 991 1218 1506 1659 1662 1805 1905 1926 1967 2055 2057 2295 2428 2613 2756 2947 3043 3052 3152 3437 3544 3595 3728 4268 4396 4430 4443 4460 4522 4575 4692 4786 4806 
157 231 252 282 583 603 617 637 639 661 759 1233 1375 1496 1787 1817 2000 2244 2310 2450 2614 2757 2875 3036 3065 3201 3356 3366 3649 3741 3791 3935 3963 4031 4184 4398 4635 4676 4709 4781 4787 4812 4887 4906 4943 4976 
330 407 454 501 597 811 883 887 923 946 1004 1005 1112 1352 1718 1998 2020 2081 2308 2363 2553 2662 2664 2919 2969 3251 3453 3460 3475 3554 3622 3655 3813 3988 4241 4302 4465 4475 4596 4737 4766 4924 4940 
72 406 460 465 786 850 909 1008 1176 1281 1489 1824 1846 1878 1883 2052 2188 2223 2281 2440 2460 2530 2566 2855 2983 3743 3934 4126 4199 4406 4433 4492 4600 
208 586 678 694 1203 1600 1612 1640 2170 2277 2544 2690 2708 2877 3172 3238 3248 3400 3450 3569 3656 3735 4230 
105 265 360 606 802 1196 1418 1558 1701 1797 2067 2157 2362 2495 2695 3009 3102 3185 3347 3350 3431 3580 3631 3638 3843 3920 4172 4297 
61 196 203 276 502 996 1306 1570 1840 2198 2287 2420 2438 2541 2982 3091 3274 3306 3886 3926 3954 
129 248 565 855 937 1189 1555 1801 1867 1879 1928 1934 2024 2028 2282 2346 2405 2517 2716 2734 3146 3534 3683 3956 4045 4147 4169 4405 4469 4495 
21 158 404 653 781 796 812 961 999 1165 1341 1432 1594 1777 1811 2191 2444 2452 2888 2986 3186 3441 3467 3476 3480 3604 3774 3898 3961 4024 4146 4448 4518 4638 4687 4704 4753 
18 79 102 115 154 242 302 530 630 814 1085 1170 1226 1314 1316 1452 1742 1794 1810 1886 2058 2249 2296 2525 2567 2588 2633 2696 3470 3552 4127 4224 4467 4608 4669 4736 4774 4788 4813 4830 
47 195 279 605 907 915 968 1087 1290 1331 1527 1554 1818 2138 2212 2229 2315 2383 2442 2488 2585 2604 2609 2870 2882 3061 3127 3346 3352 3404 3754 3790 4159 4276 4592 4712 4771 4835 4861 
237 331 339 809 825 869 942 1216 1778 1802 2110 2120 2222 2245 2427 2476 2703 2899 2981 3734 3767 3944 4016 4279 
388 459 727 861 1009 1026 1560 1774 1891 2259 2263 2402 2563 2667 2697 3110 3129 3256 3259 3303 3878 
216 399 432 680 768 774 890 1095 1162 1284 1690 1866 1951 1970 2268 2368 2378 2873 2985 3112 3157 3254 3373 3779 3809 4035 4094 4156 4234 4261 4307 4563 4688 
31 43 450 541 687 714 734 866 871 919 1000 1053 1173 1205 1240 1345 1408 1438 1564 1710 1771 2011 2312 2397 2602 2666 2987 3054 3073 3140 3390 3442 3478 3532 3550 3679 3691 4053 4187 4402 4411 4520 4598 4641 4725 4872 
56 373 506 548 1103 1538 1548 1707 1744 2038 2180 2251 2426 2582 2751 2761 2804 2913 2938 3103 3285 3590 3923 3996 4269 4275 4418 4524 4559 4660 4682 4716 4728 
29 113 238 763 892 1339 1544 1942 2129 2192 2196 2257 2284 2475 2581 2628 3473 3819 3984 4011 4102 
130 364 683 1146 1161 1282 1683 1745 1957 1978 2505 2512 2649 2828 3075 3403 3465 3494 3594 3781 3999 4090 
219 452 571 838 848 1633 1653 1985 2106 2520 2796 2822 2856 2861 3019 3228 3281 3368 3378 3430 3517 3615 3701 3715 3970 4337 
42 100 108 159 436 533 601 787 877 965 974 1082 1123 1211 1751 2389 2689 2794 2851 2872 2975 3119 3122 3188 3205 3216 3405 3531 3633 3684 3706 4023 4025 4096 4262 4395 4417 4434 4708 4710 4780 4834 4859 4895 4952 
180 340 532 591 717 803 1057 1067 1357 1369 1421 1423 1650 1869 2104 2176 2241 2398 2619 2694 2867 2889 3023 3335 3436 3946 3964 4000 4074 4457 4511 4517 4605 4637 4686 4772 
33 87 167 188 283 641 718 752 993 1022 1069 1121 1242 1243 1296 1299 1333 1363 1402 1541 1750 1767 2555 2841 2859 2915 2926 3017 3109 3514 3616 3644 3939 4182 4335 4359 4491 4521 4797 
17 32 140 443 724 904 1014 1111 1575 1990 2232 2313 2347 2562 2750 3198 3338 3643 3942 4001 
73 182 361 746 779 780 873 935 1202 1214 1425 1443 1464 1566 1619 1784 1820 1932 1986 1996 2002 2077 2348 2766 3179 3200 3340 3345 3709 3844 3902 3916 4052 4266 4277 4422 4423 4440 4825 4855 4896 4934 
76 313 483 575 816 1192 1279 1287 1537 1661 1958 2033 2194 2369 2653 3045 3148 3570 3782 3808 3872 
14 103 165 207 640 799 908 1166 1301 1578 1651 2436 2516 2575 2632 2805 2809 2819 2824 2864 3394 3402 3610 3629 3658 3848 4110 4299 4427 4542 
16 123 549 582 610 1308 1687 1954 2004 2013 2049 2094 2230 2652 2767 2881 2964 3290 3297 3399 
458 657 658 806 818 1154 1246 1255 1446 1813 2014 2265 2510 2646 2650 3355 3464 3479 3661 3729 
88 260 562 842 943 973 1231 1427 1434 1626 1746 1819 2018 2107 2318 2820 3048 3320 3385 3536 3818 3977 4093 4115 4128 
175 289 312 536 769 1321 1342 1370 1390 1522 1851 1956 2001 2006 2017 2163 2280 2611 2736 3181 3182 3252 3271 3586 4033 4042 4145 4171 4356 4408 4487 4497 4607 4634 4643 4733 4742 4818 4819 
81 278 927 975 1061 1325 1328 1388 1510 2288 2399 2478 2656 2742 2782 3013 3280 3750 3816 4006 4063 4142 4155 4202 
291 434 971 1003 1343 1431 1545 1598 1645 1664 1737 1876 1939 2640 2717 2759 2825 2895 2992 3215 3233 3263 3540 3563 3870 3906 3922 4028 4215 4327 4558 4626 
107 547 572 671 949 1245 1479 1589 1596 1621 1783 1861 1921 1927 2600 2670 2741 3311 3448 3751 
23 109 199 232 254 277 379 390 463 563 865 868 1416 1430 1472 1553 1595 1644 1720 1761 2155 2337 2470 2550 2998 3004 3037 3204 3351 3445 3626 3981 4030 4071 4250 4721 4723 4729 4848 4867 4874 
80 193 211 236 298 317 731 984 1049 1079 1219 1271 1536 1830 1832 1872 2012 2226 2377 2513 2584 2586 2738 2959 2962 2976 3063 3193 3321 3330 3359 3607 3749 3810 3925 3958 4088 4370 4625 4672 4701 4735 4777 4816 4820 4918 4932 4949 4980 
518 835 945 982 983 1265 1610 1629 1657 2812 3090 3151 3212 3214 3278 3447 3699 3788 3869 3914 
64 222 246 498 1090 1167 1248 1492 1994 2224 2415 2732 2833 2853 2991 3093 3107 3258 3309 3354 
194 230 453 1117 1171 1198 1224 1413 1424 1491 1599 1772 2393 2411 2435 2522 2601 2712 2733 2745 2800 2993 3097 3139 3161 3383 3421 3472 3507 3721 3771 4106 4194 4243 4263 4304 4506 4684 4694 4706 4719 4722 4865 4880 4951 
350 481 577 587 854 1909 2078 2162 2454 2534 2540 2560 2616 2677 2871 2917 3277 3456 3461 3651 3893 3905 3948 4091 4122 4136 4210 4313 4450 4474 4505 4545 
368 488 509 546 550 654 735 766 918 1102 1637 1952 2026 2148 2239 2327 2826 2890 2961 3118 3690 3752 3834 3861 4218 
24 37 334 348 431 629 655 674 1195 1362 1444 1514 1615 2625 2778 2842 2904 3174 3471 3509 4055 4072 4123 
57 99 176 214 228 638 688 1076 1118 1159 1354 1531 2321 2484 2571 2608 2790 2939 3070 3584 3637 3657 3745 3851 4058 4326 4391 4431 4525 4553 4562 
133 269 281 444 559 628 903 932 1038 1227 1280 1355 1374 1547 1632 1790 2114 2141 2164 2324 2466 2858 2957 3006 3291 3488 3566 3605 3672 4225 4281 4358 4458 4464 4490 4529 4539 4566 4569 4667 4752 4862 4912 4933 4959 4965 4967 
95 163 200 324 366 381 455 677 900 1212 1286 1360 1517 1549 1557 1734 2221 2261 2264 2351 2518 2737 2808 2817 3029 3197 3328 3482 3564 3582 3723 3763 3965 3968 4177 4219 4228 4397 4528 4679 4750 4808 4900 4907 4954 4989 
41 220 413 491 957 1900 1920 2007 2097 2142 2275 2496 2605 2827 2840 2968 3300 3466 3529 3806 
162 310 699 1001 1104 1200 1497 1577 1738 1792 1834 1933 1982 2036 2201 2747 2770 2960 3234 3304 3665 3702 3891 3987 
349 411 513 863 930 1015 1086 1276 1904 1936 1983 2103 2461 2627 2749 2779 3115 3307 3597 3613 3693 3863 3917 4067 4188 4288 4308 4332 4535 
131 151 441 524 569 750 761 846 880 902 948 1329 1349 1606 1764 1838 1906 1916 1993 2272 2462 2473 2622 2688 2711 2862 3072 3145 3273 3342 4050 4197 4333 4362 4415 4530 4561 4695 4697 4850 4883 
28 124 137 171 403 599 649 668 828 938 1073 1347 1480 1711 1717 1756 1816 1836 1871 2481 2486 2610 2774 2799 2878 2905 2966 3025 3038 3044 3206 3294 3412 3454 4048 4260 4342 4741 4743 4837 
26 161 192 226 792 1551 1698 1706 1807 1965 2379 2684 2735 2740 2906 3195 3439 3547 3662 3673 3929 4161 
52 97 215 305 377 643 738 753 959 979 1254 1257 1307 1486 1776 1963 1966 2199 2527 2598 3369 3391 3698 3769 3864 3985 4017 4412 4413 
78 148 255 286 741 885 1024 1034 1058 1249 1426 1901 1945 1955 2009 2349 2445 2558 2687 2709 2801 2886 3126 3250 3284 3499 3530 3856 4007 4014 4077 4141 4158 4216 4244 4295 4325 4378 
65 125 259 527 701 772 1407 1631 2030 2086 2202 2290 2294 2385 2407 2777 3164 3395 3511 3744 3826 3921 3941 4005 4198 4242 4369 
346 376 775 1045 1108 1138 1230 1295 1302 1397 1493 1526 1654 1672 1722 1828 1989 2047 2358 2401 2710 2760 2944 3089 3361 3375 3678 3707 3714 3853 3900 3936 4139 4143 4207 4274 4348 4349 4630 4657 4767 4802 4842 4868 4899 4981 
440 648 669 700 719 783 804 925 928 970 992 1251 1389 1520 1561 1984 2545 2606 3084 3237 3525 3579 3630 3642 3711 3787 3930 4032 4256 4346 4485 4633 4699 4744 4751 4815 4849 4876 4884 4914 4928 4937 4958 
22 197 297 525 570 808 849 896 1155 1232 1311 1384 1473 1642 1677 1843 1858 1910 2289 2446 2637 2848 2916 3184 3518 3543 3585 3798 3824 3883 3989 4238 4246 4278 4320 4446 4661 4683 4769 
170 179 309 311 427 776 859 870 1109 1266 1453 1532 1627 1649 2187 2626 3010 3046 3163 3811 
186 344 392 467 934 936 1059 1084 1487 1655 1780 2053 2131 2256 2344 2388 2419 2456 2615 2907 2933 2997 3133 3144 3162 3243 3675 3680 3802 3992 4020 4086 4103 4317 4560 4678 
1 142 227 665 740 881 1160 1272 1372 1504 1590 1676 1732 2108 2173 2365 2508 2595 2634 2645 2660 2996 3098 3217 3545 3557 4318 4323 4425 4452 4479 4668 4675 4702 
48 351 426 503 635 651 685 867 1499 1665 1704 1789 2345 2502 2574 2665 2838 2931 2935 3414 3668 3694 3724 3753 3896 3994 
187 590 910 933 1021 1028 1054 1105 1134 1147 1197 1228 1396 1524 1543 1781 1940 2048 2073 2122 2235 2514 2590 2620 2725 3167 3171 3459 3591 3685 4004 4047 4353 4568 4572 4611 4796 4803 4804 4878 4885 4926 4948 4960 
2 304 380 395 893 1044 1052 1127 1332 1456 1572 1699 1700 1856 2328 2331 2339 2480 2546 2592 2655 2928 2943 2973 3021 3123 3296 3305 3349 3523 3559 3620 3646 3764 3821 3860 4148 4445 4606 4624 4785 4938 
136 143 156 210 362 382 608 695 960 1056 1077 1139 1186 1364 1623 1753 2193 2674 2921 3011 3153 3419 3474 3493 3500 3669 
39 46 588 1324 1581 1684 1758 1839 2197 2330 2391 2412 2421 2482 2728 2823 3059 3364 3601 3648 3670 3962 4078 4152 4227 
164 240 300 325 408 782 916 931 1912 1943 2338 2465 2802 2902 2925 3288 3313 3415 3581 3627 3722 3812 3919 4003 4085 4386 
101 507 539 584 622 795 894 977 1371 1505 1630 1855 2096 2152 2160 2184 2205 2831 2995 3440 3640 4129 4140 4270 
67 218 301 626 732 764 822 889 1106 1571 1728 1765 2255 2455 2523 2680 2781 3105 3301 3318 3381 3548 3951 
146 322 708 712 754 853 860 978 1039 1150 1158 1351 1847 2050 2316 2332 2336 2387 2521 3041 3108 3159 3458 3572 3829 3913 4361 4488 4554 
247 315 725 737 1025 1048 1133 1235 1381 1647 1685 1766 2172 2416 2651 2707 2773 3240 3836 3911 4107 4130 4235 
118 249 280 554 627 720 742 1217 1326 1395 1436 1591 1658 1727 1731 1857 1898 1917 2039 2090 2672 2702 2754 2924 3053 3077 3449 3589 3974 4257 4285 4373 4375 4504 4534 4543 4576 4670 4917 4919 4930 4939 4955 4970 4973 4992 
290 487 521 620 771 862 995 1096 1188 1350 1382 1546 1568 1747 1887 1908 1997 2022 2220 2424 2504 2753 2818 3113 3226 3427 3533 3696 4296 
338 372 551 667 670 821 827 858 986 1036 1244 1319 1470 1950 2111 2153 2168 2237 2307 2451 2543 2811 3014 3116 3183 3223 3225 3293 3325 3408 3686 3957 4056 4092 4209 4287 4652 4711 
30 85 257 843 1269 1420 1521 1565 1583 1971 2258 2317 2322 2607 2659 2685 2776 2786 2922 3039 3064 3155 3302 3452 3689 3710 3814 4111 4291 4380 4384 4593 4685 
13 184 244 287 329 359 691 911 1181 1207 1669 2068 2209 2236 2319 2375 2439 2787 2951 3033 3051 3066 3132 3154 3481 3695 4051 4061 4068 4167 4367 4419 4502 
10 93 273 335 726 1041 1064 1100 1169 1462 1511 1779 1953 2032 2326 2410 2551 2923 2932 3088 3117 3203 3496 3522 3635 3731 3738 4382 4429 
34 96 365 400 594 801 851 901 1386 1518 1714 1969 2433 2618 2934 3150 3520 3562 3617 3737 3783 4070 
206 567 578 956 1277 1550 1702 1724 1749 2179 2218 2228 2291 2487 2764 2775 3422 3443 3588 3599 3688 4105 4185 
35 229 299 1078 1142 1400 1403 1476 1562 1860 1865 2062 2248 2418 2498 2528 2726 2739 2772 2788 2834 2874 3272 3513 3666 3733 3759 3918 3976 4283 4381 4449 4526 4610 4727 4790 4800 
49 60 92 604 1131 1136 1199 1225 1373 1404 1481 1663 1735 1739 2200 2206 2267 2380 2404 2430 2950 2978 3026 3101 3242 3608 3682 3850 3966 4121 4179 4466 4516 4527 4536 4585 4591 4732 4784 4839 4877 
7 45 128 328 447 598 614 813 882 884 1221 1620 1681 1962 2286 2374 2432 2704 2746 2755 2896 3326 3516 3603 3780 3975 4002 4039 4118 4154 4284 4379 4385 4484 
106 264 566 1175 1334 1485 1666 1705 1829 2535 2577 2603 2785 2880 2901 2927 2963 3143 3289 3362 3477 3574 3760 3969 3995 4034 4108 4138 4305 4388 4442 4645 4649 4717 4730 4758 
370 478 631 705 739 1011 1042 1065 1741 1975 2334 2384 2533 2556 2769 2821 2937 2967 3008 3079 3095 3397 3542 3700 3748 3777 3793 3831 3888 3991 4075 4478 4574 4653 
239 485 493 560 954 1035 1132 1174 1294 1512 1592 1611 1712 1754 1894 2300 2343 2382 2400 2636 2768 2837 2860 2956 3005 3022 3042 3160 3178 3202 3703 3909 3998 4029 4135 4232 4328 4416 4584 4763 4817 4826 4888 
53 55 173 472 1097 1584 1670 1682 1795 1823 1854 2064 2594 2911 2920 3379 3420 3423 3463 3692 3708 4190 4236 
292 369 733 831 837 852 897 1237 1292 1585 1769 1859 1895 1907 2087 2102 2497 2531 2564 2565 2866 3082 3128 3221 3266 3575 3624 3768 3828 4124 4463 4533 4658 4724