0	41	107	964	1122	1750	2388	2688	2850	2871	2974	3121	3187	3404	3632	3683	3705	4022	4394	4416	4433	4707	4779	4858	
1	161	309	698	1000	1103	1199	1496	1576	1737	1791	1833	1932	1981	2035	2200	2746	2769	2959	3233	3303	3664	3701	3890	3986	
2	116	242	887	921	1308	1527	1787	1813	1832	2370	2428	2548	2558	2628	2697	2813	3230	3264	3622	3633	3676	3764	3864	3981	4043	4097	4222	4230	
3	21	196	296	524	569	807	848	895	1154	1231	1310	1383	1472	1641	1676	1842	1857	1909	2288	2445	2636	2847	2915	3183	3517	3542	3584	3797	3823	3882	3988	4237	4245	4277	4319	4445	4660	4682	4768	
4	113	427	521	715	816	898	988	1127	1212	1608	2278	2413	2493	2531	2569	2682	2891	2928	3176	3234	3873	4072	4088	
5	40	219	412	490	956	1899	1919	2006	2096	2141	2274	2495	2604	2826	2839	2967	3299	3465	3528	3805	
6	58	346	413	461	599	661	825	844	962	1059	1134	1688	1692	1880	1959	2133	2181	2303	2470	2500	2692	2764	2797	2882	2907	2948	3099	3554	3599	3675	3931	4011	4118	4119	4136	4200	4236	4299	4471	4586	4809	4930	
7	10	143	168	478	499	980	1071	1112	1222	1345	1413	1466	1581	1790	1863	1922	1980	2084	2206	2492	2590	2714	3136	3275	3387	3503	3649	3703	3816	3966	4026	4323	4406	4641	
8	367	487	508	545	549	653	734	765	917	1101	1636	1951	2025	2147	2238	2326	2825	2889	2960	3117	3689	3751	3833	3860	4217	
9	129	363	457	682	1145	1160	1281	1682	1744	1956	1977	2504	2511	2648	2827	3074	3402	3464	3493	3593	3780	3998	4089	
10	290	433	970	1002	1342	1430	1544	1597	1644	1663	1736	1875	1938	2639	2716	2758	2824	2894	2991	3214	3232	3262	3539	3562	3869	3905	3921	4027	4214	4326	4557	4625	
11	81	302	315	1114	1514	1862	1947	2071	2118	2150	2202	2690	2718	2812	3248	3434	3490	3814	3853	3906	3996	4021	
12	48	59	91	603	1130	1135	1198	1224	1372	1403	1480	1662	1734	1738	2199	2205	2266	2379	2403	2429	2949	2977	3025	3100	3241	3607	3681	3849	3965	4120	4178	4465	4515	4526	4535	4584	4590	4731	4783	4838	4876	
13	24	35	37	395	432	474	488	518	528	573	588	764	965	1203	1797	1802	1811	1861	1975	1998	2082	2726	2970	3210	3437	3504	3567	3911	4522	4531	
14	186	589	909	932	1020	1027	1053	1104	1133	1146	1196	1227	1395	1523	1542	1780	1939	2047	2072	2121	2234	2513	2589	2619	2724	3166	3170	3458	3590	3684	4003	4046	4352	4567	4571	4610	4795	4802	4803	4877	4884	4925	4947	4959	
15	46	194	278	604	906	914	967	1086	1289	1330	1526	1553	1817	2137	2211	2228	2314	2382	2441	2487	2584	2603	2608	2869	2881	3060	3126	3345	3351	3403	3753	3789	4158	4275	4591	4711	4770	4834	4860	
16	50	173	257	542	651	675	728	746	756	961	1450	1462	1642	1695	2177	2213	2468	2547	2698	2864	3085	3098	3316	3731	3857	3985	4167	4413	4460	4577	4658	
17	174	288	311	768	1341	1369	1850	2005	2016	2279	2735	3251	3270	4170	4407	4606	4642	4741	4817	4818	
18	535	1320	1389	1521	1955	2000	2162	2610	3180	3181	3585	4032	4041	4144	4355	4486	4496	4633	4732	
19	33	95	364	399	593	800	850	900	1385	1517	1713	1968	2432	2617	2933	3149	3519	3561	3616	3736	3782	4069	
20	38	45	587	1323	1580	1683	1757	1838	2196	2329	2390	2411	2420	2481	2727	2822	3058	3363	3600	3647	3669	3961	4077	4151	4226	
21	190	294	342	429	441	797	838	878	1144	1728	1759	1785	1898	1929	1972	2185	2385	2393	2596	2649	3485	3653	3867	4150	4285	
22	269	366	420	470	591	606	623	674	703	744	890	951	1005	1192	1532	1820	1874	2036	2452	2579	2637	3164	3314	3331	3333	3433	4392	4408	
23	19	167	601	1042	1255	1694	1756	1774	1887	1923	1958	2142	2506	3039	3231	3366	3391	3443	3754	3788	
24	149	152	743	919	1124	1337	1441	1624	1708	1849	2094	2233	2339	2356	2424	2499	2560	2623	2783	2896	3238	3266	3488	3555	3942	
25	445	467	473	633	665	729	766	792	894	913	963	971	1182	1274	1317	1319	1518	1578	1607	1617	1635	1936	2097	2126	2297	2324	2551	2660	2670	2944	3084	3395	3540	3560	4037	4108	4292	4427	4759	4842	4859	4888	4892	4944	
26	132	268	280	443	558	627	902	931	1037	1226	1354	1373	1546	1631	1789	2113	2140	2163	2323	2509	2857	4861	4911	4932	4958	4964	4966	
27	97	144	148	270	332	641	695	696	720	1054	1070	1238	1246	1262	1321	1375	1448	1627	1718	1799	1847	1946	2002	2158	2498	2909	3002	3167	3461	3716	3836	3894	3939	4194	4238	4281	4342	4446	4690	4781	4823	4852	
28	211	370	456	632	649	928	939	1136	1237	1314	1528	1677	1707	1720	1921	1930	1994	2180	2207	2218	2296	2588	2680	2853	3091	3168	3190	3244	3483	3550	3595	3761	4058	4353	4436	4579	4593	4697	4797	4806	4857	4890	4891	
29	271	397	411	986	987	1273	1659	2070	2241	2284	2586	2998	3033	3119	3165	3206	3456	3467	3686	3803	3872	4174	4191	4204	
30	349	480	576	586	853	1908	2077	2161	2453	2533	2539	2559	2615	2676	2870	2916	3276	3455	3460	3650	3892	3904	3947	4090	4121	4135	4209	4312	4449	4473	4504	4544	
31	88	319	468	536	543	742	757	1074	1228	1233	1436	1666	1690	1825	1876	1881	2272	2395	2433	2616	2945	2947	3208	3278	3338	3362	3373	3468	3509	3545	3559	3577	3952	3989	4263	4370	4420	4435	4467	4509	4536	4626	4689	4777	4813	4837	4935	4955	4983	4986	
32	34	228	298	657	1077	1141	1399	1402	1475	1561	1859	1864	2061	2247	2417	2497	2527	2725	2738	2771	2787	2833	2873	3271	3512	3665	3732	3758	3917	3975	4282	4380	4448	4525	4609	4726	4789	4799	
33	57	133	307	356	617	772	949	1050	1393	1405	1945	2069	2144	2242	2541	2729	2845	3077	3424	3494	3502	3572	3739	3760	4190	4340	
34	131	419	498	635	708	1167	1214	1297	1761	1824	1895	1967	2068	2146	2224	2720	2848	3463	3523	3718	3898	3937	4143	4225	4289	4309	4311	4479	4511	
35	357	584	706	818	897	1017	1046	1254	1269	1585	1623	1826	2122	2155	2226	2308	2313	2484	2525	2630	2878	2886	3640	3800	3841	4012	4321	4376	
36	77	147	254	285	740	884	1023	1033	1057	1248	1425	1900	1944	1954	2008	2348	2444	2557	2686	2708	2800	2885	3125	3249	3283	3498	3529	3855	4006	4013	4076	4140	4157	4215	4243	4294	4324	4377	
37	23	36	333	347	430	628	654	673	1194	1361	1443	1513	1614	2624	2777	2841	2903	3173	3470	3508	4054	4071	4122	
38	111	200	393	522	556	563	784	819	1183	1190	1282	1432	1566	1834	1973	1986	2127	2138	2446	2466	2505	2831	2890	3352	3525	3564	3662	3680	3846	3893	3900	4131	4162	4205	4375	4453	4495	4613	4619	4704	4775	4831	4961	4963	4967	4985	4995	4998	
39	71	405	459	464	785	849	908	1007	1175	1280	1488	1823	1845	1877	1882	2051	2187	2222	2280	2439	2459	2529	2565	2854	2982	3742	3933	4125	4198	4405	4432	4491	4599	
40	73	236	325	330	338	351	808	824	868	941	1215	1411	1672	1729	1777	1801	2109	2119	2221	2244	2328	2426	2440	2475	2514	2640	2685	2702	2898	2980	3011	3246	3576	3733	3766	3845	3943	3949	4015	4278	
41	1279	2465	2956	3005	3290	3487	3565	3604	3671	4224	4280	4357	4457	4463	4489	4528	4538	4565	4568	4666	4751	
42	117	248	279	553	626	719	741	1216	1325	1394	1435	1590	1657	1726	1730	1856	1897	1916	2038	2089	2671	2701	2753	2923	3052	3076	3448	3588	3973	4256	4284	4372	4374	4503	4533	4542	4575	4669	4916	4918	4929	4938	4954	4969	4972	4991	
43	82	401	436	437	491	516	705	979	1032	1093	1129	1329	1364	1428	1551	1604	1613	1851	3049	3067	3268	3343	3627	3635	3777	3832	3946	4373	4469	4497	4540	4569	4589	4630	4672	4746	4755	4793	4845	4878	4908	4914	4949	
44	238	484	492	559	953	1034	1131	1173	1293	1511	1591	1610	1711	1753	1893	2299	2342	2381	2399	2635	2767	2836	2859	2955	3004	3021	3041	3159	3177	3201	3702	3908	3997	4028	4134	4231	4327	4415	4583	4762	4816	4825	4887	
45	345	375	774	1044	1107	1137	1229	1294	1301	1396	1492	1525	1653	1671	1721	1827	1988	2046	2357	2400	2709	2759	2943	3088	3360	3374	3677	3706	3713	3852	3899	3935	4138	4142	4206	4273	4347	4348	4629	4656	4766	4801	4841	4867	4898	4980	
46	119	151	250	287	680	692	1287	1449	1493	1637	1696	1867	2007	2090	2518	2791	2954	3001	3134	3174	3228	3281	3416	3450	3537	3624	3670	3715	3806	4025	4112	4124	4315	4333	4455	4475	4808	4863	4897	4900	
47	121	447	671	966	1091	1267	1384	1477	1852	2131	2239	2407	2462	2578	2595	3006	3282	3445	3500	3536	3631	3896	4212	4297	
48	216	353	460	527	769	823	1288	1339	1615	1621	1673	1987	2098	2160	2182	2251	2253	2301	2742	3454	3936	4056	4098	4182	4202	4207	4485	4502	
49	17	78	101	114	153	241	301	529	629	813	1084	1169	1225	1313	1315	1451	1741	1793	1809	1885	2057	2248	2295	2524	2566	2587	2632	2695	3469	3551	4126	4223	4466	4607	4668	4735	4773	4787	4812	4829	
50	80	277	926	974	1060	1324	1327	1387	1509	2287	2398	2477	2655	2741	2781	3012	3279	3749	3815	4005	4062	4141	4154	4201	
51	125	220	404	495	555	644	710	912	1355	1390	1444	1460	1464	1651	1670	1742	1840	2015	2117	2124	2136	2305	2478	2491	2868	2953	3000	3141	3240	3245	3315	3646	3838	4582	4699	4714	
52	27	123	136	170	402	598	648	667	827	937	1072	1346	1479	1710	1716	1755	1815	1835	1870	2480	2485	2609	2773	2798	2877	2904	2965	3024	3037	3043	3205	3293	3411	3453	4047	4259	4341	4740	4742	4836	
53	130	150	440	523	568	749	760	845	879	901	947	1328	1348	1605	1763	1837	1905	1915	1992	2271	2461	2472	2621	2687	2710	2861	3071	3144	3272	3341	4049	4196	4332	4361	4414	4529	4560	4694	4696	4849	4882	
54	215	398	431	679	767	773	889	1094	1161	1283	1689	1865	1950	1969	2267	2367	2377	2872	2984	3111	3156	3253	3372	3778	3808	4034	4093	4155	4233	4260	4306	4562	4687	
55	134	465	567	755	814	1260	1367	1382	1685	2123	2125	2230	2237	2249	2571	2611	3294	3397	3755	3756	3798	3848	3954	4068	4169	4175	4363	4440	4548	
56	205	566	577	955	1276	1549	1701	1723	1748	2178	2217	2227	2290	2486	2763	2774	3421	3442	3587	3598	3687	4104	4184	
57	103	261	344	377	421	423	1049	1106	1171	1304	1512	1767	1948	2028	2408	2782	2829	2856	3261	3774	3793	3796	3834	3844	3907	4020	4130	4210	4576	
58	22	108	198	231	253	276	378	389	462	562	864	867	1415	1429	1471	1552	1594	1643	1719	1760	2154	2336	2469	2549	2997	3003	3036	3203	3350	3444	3625	3980	4029	4070	4249	4720	4722	4728	4847	4866	4873	
59	8	118	284	579	631	911	916	920	1119	1434	1508	1573	1732	1814	2467	2538	2642	2662	2747	2779	2875	2884	3105	3130	3586	3618	3785	3854	3930	4078	4113	4216	4393	4398	4639	4730	
60	4	89	283	489	537	560	709	871	989	1143	1152	1336	1971	2024	2045	2355	2358	2510	2700	2917	2957	3129	3146	3193	3207	3212	3226	3259	3400	3605	3865	3886	4061	4329	4499	4500	4581	4598	4611	4712	4820	4921	4940	
61	234	306	409	796	885	925	1109	1207	1386	1440	1459	1612	1633	1722	1784	2100	2622	2883	3175	3189	3428	3496	3620	3772	3909	4251	4349	4362	4530	4566	4587	4646	
62	104	264	359	605	801	1195	1417	1557	1700	1796	2066	2156	2361	2494	2694	3008	3101	3184	3346	3349	3430	3579	3630	3637	3842	3919	4171	4296	
63	2	138	197	260	534	557	712	855	1036	1069	1097	1163	1200	1322	1376	1391	1848	2041	2104	2232	2351	2416	2814	3235	3425	3527	3765	3875	4354	4423	4572	4580	4585	4663	4702	4725	4739	4744	4753	4754	4822	4915	4946	4965	4977	4993	
64	145	321	707	711	753	852	859	977	1038	1149	1157	1350	1846	2049	2264	2315	2331	2335	2386	2520	3040	3048	3107	3158	3457	3571	3828	3912	4360	4487	4553	
65	32	86	166	187	282	640	656	717	751	992	1021	1068	1120	1241	1242	1295	1298	1332	1362	1401	1540	1749	1766	2554	2840	2858	2914	2925	3016	3108	3513	3615	3643	3938	4181	4334	4358	4490	4520	4796	
66	207	585	677	693	1202	1599	1611	1639	2169	2276	2543	2689	2707	2876	3171	3237	3247	3399	3449	3568	3655	3734	4229	
67	14	208	396	804	843	1277	1290	1312	1408	1473	1497	1522	1634	1715	1872	1884	1902	2083	2168	2310	2360	2363	2656	2828	2846	2851	2899	2911	2913	2973	3031	3080	3135	3741	3771	3878	3889	3992	4300	4338	4399	4601	4647	4839	4896	4926	4928	4934	4945	4982	
68	66	217	300	625	731	763	821	888	1105	1570	1727	1764	2254	2454	2522	2679	2780	3104	3300	3317	3380	3547	3950	
69	266	544	832	1009	1113	1259	1481	1640	1896	1943	2145	2173	2269	2442	2482	2568	2862	2908	2971	3591	3638	3644	3783	3977	4040	4270	4476	
70	85	295	414	575	614	643	874	905	1079	1118	1502	1529	1534	1592	1616	1836	2074	2214	2620	2638	2647	3017	3034	3359	3431	3520	3659	3696	3712	3784	3822	3839	4036	4075	4115	4180	4211	4288	4339	4472	4514	4537	4539	4551	4688	4713	4760	4912	4987	
71	63	221	245	497	1089	1166	1247	1491	1993	2223	2414	2731	2832	2852	2990	3092	3106	3257	3308	3353	
72	106	184	362	475	546	571	670	904	948	1082	1148	1177	1244	1478	1507	1588	1595	1620	1679	1782	1795	1803	1860	1920	1926	2268	2302	2599	2669	2672	2717	2722	2740	2969	3298	3310	3447	3608	3750	4042	4099	
73	291	368	732	830	836	851	896	1236	1291	1584	1768	1858	1894	1906	2086	2101	2496	2530	2563	2564	2865	3081	3127	3220	3265	3574	3623	3767	3827	4123	4462	4532	4657	4723	
74	94	162	199	233	323	365	380	454	676	899	1211	1285	1359	1516	1548	1556	1733	2220	2260	2263	2350	2517	2736	2807	2816	3028	3196	3327	3481	3563	3581	3722	3762	3964	3967	4176	4218	4227	4396	4527	4678	4749	4807	4899	4906	4953	4988	
75	115	262	274	388	595	659	1087	1326	1439	1457	1575	1808	2059	2099	2135	2149	2322	2567	2629	2788	3148	3375	3804	3866	3923	4094	4111	4159	4219	4266	4371	4409	4492	4513	4620	4794	4804	4830	4844	4853	4856	4880	
76	47	350	425	502	634	650	684	866	1498	1664	1703	1788	2344	2501	2573	2664	2837	2930	2934	3413	3667	3693	3723	3728	3752	3895	3993	
77	70	165	177	244	463	608	645	747	748	846	950	975	1098	1251	1647	2120	2366	2412	2502	2575	2897	2951	3061	3066	3188	3357	3491	3514	3735	3824	3829	4065	4257	4356	4365	4419	4545	4555	4608	4612	4616	4662	4680	4738	4885	4920	
78	329	406	453	500	596	810	882	886	922	945	1003	1004	1111	1351	1717	1997	2019	2080	2307	2362	2552	2661	2663	2918	2968	3250	3452	3459	3474	3553	3621	3654	3812	3987	4240	4301	4464	4474	4595	4736	4765	4923	4939	
79	72	181	360	745	778	779	872	934	1201	1213	1424	1442	1463	1565	1618	1783	1819	1931	1985	1995	2001	2076	2347	2765	3178	3199	3339	3344	3708	3843	3901	3915	4051	4265	4276	4421	4422	4439	4824	4854	4895	4933	
80	83	293	390	525	530	580	793	1045	1151	1186	1284	1414	1667	1714	1873	1883	2087	2157	2216	2332	2657	2667	2704	2728	3057	3070	3260	3505	3610	3745	3769	3794	4053	4239	4458	4518	4549	4564	4782	4872	4910	4943	4962	4989	4990	4996	
81	9	51	92	96	214	272	304	334	376	642	725	737	752	958	978	1040	1063	1099	1168	1253	1256	1306	1461	1485	1510	1775	1778	1952	1962	1965	2031	2198	2325	2409	2526	2550	2597	2922	2931	3087	3116	3202	3368	3390	3495	3521	3634	3697	3730	3737	3768	3863	3984	4016	4381	4411	4412	4428	
82	79	192	210	235	297	316	730	983	1048	1078	1218	1270	1535	1829	1831	1871	2011	2225	2376	2512	2583	2585	2737	2958	2961	2975	3062	3192	3320	3329	3358	3606	3748	3809	3924	3957	4087	4369	4624	4671	4700	4734	4776	4815	4819	4917	4931	4948	4979	
83	52	54	172	471	1096	1583	1669	1681	1794	1822	1853	2063	2593	2910	2919	3378	3419	3422	3462	3691	3707	4189	4235	
84	30	42	449	540	686	713	733	865	870	918	999	1052	1172	1204	1239	1344	1407	1437	1563	1709	1770	2010	2311	2396	2601	2665	2986	3053	3072	3139	3389	3441	3477	3531	3549	3678	3690	4052	4186	4401	4410	4519	4597	4640	4724	4871	
85	87	259	561	805	841	942	972	1230	1426	1433	1625	1745	1818	2017	2106	2166	2317	2819	3047	3319	3384	3535	3817	3976	4092	4114	4127	
86	12	183	243	286	328	358	690	910	1180	1206	1668	2067	2208	2235	2318	2374	2438	2786	2950	3032	3050	3065	3131	3153	3480	3694	4050	4060	4067	4166	4366	4418	4501	
87	137	444	450	507	515	689	714	984	1012	1115	1140	1302	1400	1601	1693	1792	1917	2004	2114	2188	2277	2646	2802	2941	2952	3376	3840	3902	4009	4064	4443	4570	4600	4621	4679	
88	20	157	403	652	780	795	811	960	998	1164	1340	1431	1593	1776	1810	2190	2443	2451	2887	2985	3185	3440	3466	3475	3479	3603	3773	3897	3960	4023	4145	4447	4517	4637	4686	4703	4752	
89	839	943	1065	1092	1249	1257	1263	1533	1990	2078	2176	2252	2341	2359	2430	2488	2592	2675	2751	3030	3095	3103	3123	3223	3297	3385	3486	3489	3652	3802	3914	4246	4293	4470	4498	4655	4676	4747	4826	4855	4870	
90	64	124	258	526	700	771	1406	1630	2029	2085	2201	2289	2293	2384	2406	2776	3163	3394	3510	3743	3825	3920	3940	4004	4197	4241	4368	
91	384	511	620	678	990	1217	1505	1658	1661	1804	1904	1925	1966	2054	2056	2294	2427	2612	2755	2946	3042	3051	3151	3436	3543	3594	3727	4267	4395	4429	4442	4459	4521	4574	4691	4785	4805	
92	176	182	201	204	317	318	672	683	697	750	828	877	1031	1123	1176	1184	1347	1465	1501	1674	1762	1805	2020	2577	2705	2743	2843	3169	3221	3252	3254	3335	3340	3383	3552	3651	3724	3726	3851	4330	4364	4618	4654	4810	4840	4843	4874	4971	4981	4992	
93	55	372	386	505	547	1102	1537	1547	1706	1743	2037	2179	2250	2425	2581	2750	2760	2803	2912	2937	3102	3284	3589	3922	3995	4268	4274	4417	4523	4558	4659	4681	4715	4727	
94	246	314	724	736	1024	1047	1132	1234	1380	1646	1684	1765	2171	2415	2650	2706	2772	3239	3835	3910	4106	4129	4234	
95	93	140	267	438	494	788	789	1299	1309	1360	1410	1416	1918	2064	2246	2389	2394	2535	2681	3029	3075	3195	3364	3381	3392	3415	3972	4018	4080	4086	4195	4271	4351	4391	4438	4506	4543	4602	4627	4673	4748	4758	4763	4798	4835	4919	4997	
96	387	458	726	860	1008	1025	1559	1773	1890	2258	2262	2401	2562	2666	2696	3109	3128	3255	3258	3302	3877	
97	25	160	191	225	791	1550	1697	1705	1806	1964	2378	2683	2734	2739	2905	3194	3438	3546	3661	3672	3928	4160	
98	179	339	531	590	716	802	1056	1066	1356	1368	1420	1422	1649	1868	2103	2175	2240	2397	2618	2693	2866	2888	3022	3334	3435	3945	3963	3999	4073	4456	4510	4516	4604	4636	4685	4771	
99	56	98	175	213	227	637	687	1075	1117	1158	1353	1530	2320	2483	2570	2607	2789	2938	3069	3583	3636	3656	3744	3850	4057	4325	4390	4430	4524	4552	4561	
100	11	273	305	777	938	1061	1162	1357	1379	1483	1739	1798	1807	2022	2448	2458	2643	2721	2988	3219	3388	3725	3874	4254	4302	4310	4314	4320	4343	4493	4578	4588	4628	4664	
101	337	371	550	666	669	820	826	857	985	1035	1243	1318	1469	1949	2110	2152	2167	2236	2306	2450	2542	2810	3013	3115	3182	3222	3224	3292	3324	3407	3685	3956	4055	4091	4208	4286	4651	4710	
102	120	392	417	504	646	790	875	1028	1090	1181	1303	1456	1587	1892	2033	2073	2111	2489	3179	3318	3369	3757	4039	4313	4431	4452	4480	
103	6	44	127	327	446	597	613	812	881	883	1220	1619	1680	1961	2285	2373	2431	2703	2745	2754	2895	3325	3515	3602	3779	3974	4001	4038	4117	4153	4283	4378	4384	4483	
104	126	154	222	240	252	313	355	382	481	493	701	1205	1358	1409	1499	1602	1769	1772	1830	1924	2115	2148	2352	2365	2712	3269	3658	3858	3903	4156	4161	4172	4264	4318	4350	4388	4617	4635	4695	4719	4737	4862	4865	4868	4922	
105	65	551	592	611	806	923	1062	1258	1421	1524	1568	1579	1600	1691	1979	2065	2536	2770	3014	3330	3342	3507	3592	4203	4244	4279	
106	109	232	422	485	612	799	1019	1142	1365	1366	1572	1889	1912	1991	2058	2369	2380	2762	2844	2929	3046	3263	3307	3386	3406	3582	4014	4035	4199	4250	4507	4550	4733	4745	4761	4764	4767	4788	
107	223	418	622	759	809	873	997	1397	1467	1476	1482	1500	1655	1844	1879	2129	2215	2265	2300	2353	2457	2634	2653	2849	2902	3026	3082	3309	3482	3497	3613	3819	4045	4328	4344	4482	4645	4756	4791	
108	13	102	164	206	639	798	817	907	1153	1165	1300	1445	1577	1650	1812	2013	2435	2515	2574	2631	2645	2804	2808	2818	2823	2863	3354	3393	3401	3478	3609	3628	3657	3847	4109	4298	4426	4541	
109	0	141	226	664	739	880	1159	1271	1371	1503	1589	1675	1731	2107	2172	2364	2507	2594	2633	2644	2659	2995	3097	3216	3544	3556	4317	4322	4424	4451	4478	4667	4674	4701	
110	26	43	322	835	954	993	1316	1398	1438	1446	1555	1638	1758	1914	2014	2209	2402	2490	2794	2834	3027	3113	3120	3186	3370	3405	3775	3948	3951	3971	4253	4258	4335	4386	4594	4790	
111	439	647	668	699	718	782	803	924	927	969	991	1250	1388	1519	1560	1983	2544	2605	3083	3236	3524	3578	3629	3641	3710	3786	3929	4031	4255	4345	4484	4632	4698	4743	4750	4814	4848	4875	4883	4913	4927	4936	4957	
112	336	483	514	533	663	735	822	1506	1821	1843	1901	1937	2034	2081	2108	2349	2790	2987	3068	3093	3371	3501	3617	3856	3982	4248	
113	289	486	520	619	770	861	994	1095	1187	1349	1381	1545	1567	1746	1886	1907	1996	2021	2219	2423	2503	2752	2817	3112	3225	3426	3532	3695	4295	
114	156	230	251	281	582	602	616	636	638	660	758	1232	1374	1495	1786	1816	1999	2243	2309	2449	2613	2756	2874	3035	3064	3200	3355	3365	3648	3740	3790	3934	3962	4030	4183	4397	4634	4675	4708	4780	4786	4811	4886	4905	4942	4975	
115	193	229	452	1116	1170	1197	1223	1412	1423	1490	1598	1771	2392	2410	2434	2521	2600	2711	2732	2744	2799	2992	3096	3138	3160	3382	3420	3471	3506	3720	3770	4105	4193	4242	4262	4303	4505	4683	4693	4705	4718	4721	4864	4879	4950	
116	105	263	565	1174	1333	1484	1665	1704	1828	2534	2576	2602	2784	2879	2900	2926	2962	3142	3288	3361	3476	3573	3759	3968	3994	4033	4107	4137	4304	4387	4441	4644	4648	4716	4729	4757	
117	5	7	326	383	434	509	618	787	1011	1016	1067	1208	1378	1453	1603	1891	1963	2062	2194	2273	2375	2436	2757	2978	2989	3274	3534	3548	3575	3826	3958	4152	4252	4425	4450	4563	4614	4615	4622	4631	4650	4706	4889	4893	4924	4956	4970	
118	75	312	482	574	815	1191	1278	1286	1536	1660	1957	2032	2193	2368	2652	3044	3147	3569	3781	3807	3871	
119	53	67	400	496	833	1088	1178	1235	2170	2713	2815	3124	3243	3321	3711	3738	3861	3927	3959	4082	4083	4163	4177	4247	4272	
120	189	331	373	385	469	519	1006	1080	1156	1296	1334	1678	1751	1934	2112	2164	2245	2298	2340	2372	2572	2796	2842	2976	2979	3229	3256	3291	3313	3328	3791	3884	3888	3978	4100	4228	4346	4481	4556	4649	4717	4800	4901	4907	4952	4976	4984	
121	18	320	539	615	688	940	1073	1100	1121	1418	1960	2132	2212	2421	2471	2508	2582	2677	2761	2983	3054	3155	3191	3286	3326	3347	3412	3511	3557	3673	4079	4133	4173	
122	224	408	424	455	513	624	721	727	840	1018	1343	1392	1754	2050	2259	2304	2319	2422	2537	2598	3311	3484	3526	3729	4116	4132	4402	
123	62	76	255	265	610	702	761	776	856	1022	1029	1125	1240	1292	1454	2009	2053	2174	2641	2723	3110	3140	3217	3408	3409	3427	3538	4081	4554	4643	4665	4692	4769	4774	4828	4832	4846	4850	4851	4881	
124	185	343	391	466	933	935	1058	1083	1486	1654	1779	2052	2130	2255	2343	2387	2418	2455	2614	2906	2932	2996	3132	3143	3161	3242	3674	3679	3801	3991	4019	4085	4102	4316	4559	4677	
125	16	31	139	442	723	903	1013	1110	1574	1989	2231	2312	2346	2561	2749	3197	3337	3642	3941	4000	
126	74	212	340	428	554	831	952	996	1128	1150	1272	1515	1586	2040	2088	2184	2405	2447	2473	2528	2546	3056	3073	3133	3323	3601	3717	3837	4103	4192	4305	4400	4403	4437	4512	4653	4821	4827	
127	479	503	783	957	1039	1209	1245	1311	1724	2044	2075	2116	2165	2270	2354	2893	3023	3336	3597	3663	3799	3870	3883	3891	4008	4096	4185	4454	
128	517	834	944	981	982	1264	1609	1628	1656	2811	3089	3150	3211	3213	3277	3446	3698	3787	3868	3913	
129	60	195	202	275	501	995	1305	1569	1839	2197	2286	2419	2437	2540	2981	3090	3273	3305	3885	3925	3953	
130	100	506	538	583	621	794	893	976	1370	1504	1629	1854	2095	2151	2159	2183	2204	2830	2994	3439	3639	4128	4139	4269	
131	61	90	594	658	1189	1447	1489	1539	1725	1910	2043	2079	2134	2139	2143	2189	2210	2275	2463	2809	2867	3157	3417	3432	3970	4149	4179	4188	4232	4359	4434	4488	4508	4546	4603	4661	4670	4869	4902	4903	4904	4941	4960	4968	4973	4974	4978	4994	4999	
132	28	112	237	762	891	1338	1543	1941	2128	2191	2195	2256	2283	2474	2580	2627	3472	3818	3983	4010	4101	
133	128	247	564	854	936	1188	1554	1800	1866	1878	1927	1933	2023	2027	2281	2345	2404	2516	2715	2733	3145	3533	3682	3955	4044	4146	4168	4404	4468	4494	
134	218	451	570	837	847	1632	1652	1984	2105	2519	2795	2821	2855	2860	3018	3227	3280	3367	3377	3429	3516	3614	3700	3714	3969	4336	
135	369	477	630	704	738	1010	1041	1064	1740	1974	2333	2383	2532	2555	2768	2820	2936	2966	3007	3078	3094	3396	3541	3699	3747	3776	3792	3830	3887	3990	4074	4477	4573	4652	
136	29	84	256	842	1268	1419	1520	1564	1582	1970	2257	2316	2321	2606	2658	2684	2775	2785	2921	3038	3063	3154	3301	3451	3688	3709	3813	4110	4290	4379	4383	4592	4684	
137	135	142	155	209	361	381	607	694	959	1055	1076	1138	1185	1363	1622	1752	2192	2673	2920	3010	3152	3418	3473	3492	3499	3668	
138	159	180	249	292	472	946	1427	1474	1494	1538	1841	1928	2042	2203	2476	2691	2719	2838	3410	3876	3926	4007	4220	4308	
139	169	178	308	310	426	775	858	869	1108	1265	1452	1531	1626	1648	2186	2625	3009	3045	3162	3810	
140	99	158	435	532	600	786	876	973	1081	1210	2793	3118	3204	3215	3530	4024	4095	4261	4709	4833	4894	4951	
141	335	352	354	448	722	863	1030	1404	1468	1702	1978	2039	2391	2674	2892	2939	3055	3079	3218	3322	3356	3932	4063	
142	15	122	548	581	609	1307	1686	1953	2003	2012	2048	2093	2229	2651	2766	2880	2963	3289	3296	3398	
143	146	341	578	968	1026	1221	1352	1377	1606	1712	1869	2018	2060	2282	2556	2730	3209	3379	3566	3611	3704	3795	4148	4165	4221	4367	
144	39	110	171	188	374	510	572	685	691	754	829	1015	1179	1458	1541	1558	1687	2261	2291	2292	2668	2792	2835	2940	2993	3015	3086	3172	3267	3285	3746	3944	4048	4059	4213	4389	4461	4547	4638	4772	4778	4792	4909	
145	348	410	512	862	929	1014	1085	1275	1903	1935	1982	2102	2460	2626	2748	2778	3114	3306	3596	3612	3692	3862	3916	4066	4187	4287	4307	4331	4534	
146	163	239	299	324	407	781	915	930	1911	1942	2337	2464	2801	2901	2924	3287	3312	3414	3580	3626	3721	3811	3918	4002	4084	4385	
147	1	303	379	394	892	1043	1051	1126	1331	1455	1571	1698	1699	1855	2327	2330	2338	2479	2545	2591	2654	2927	2942	2972	3020	3122	3295	3304	3348	3522	3558	3619	3645	3660	3763	3820	3859	4147	4444	4605	4623	4784	4937	
148	68	415	552	662	681	1147	1193	1261	1470	1976	2030	2091	2092	2153	2371	2553	2678	2964	3332	3831	3979	4017	
149	3	69	203	541	1139	1155	1266	1487	1596	1781	1888	1913	1940	2456	2699	2999	3019	3198	3518	3821	3880	3881	
150	49	416	476	655	1001	1219	1252	1335	1562	1645	1735	1747	2026	2055	2334	2523	2805	2806	2935	3059	3137	3423	3570	3666	3719	3879	4164	4291	4337	4382	4596
151 49
