136 390 520 663 664 827 1086 1304 1314 1364 1405 1451 1741 1887 2081 2202 2219 2454 2676 2788 2884 3167 3279 3411 3437 3473 3494 3682 3699 3835 3946 3995 4079 4081 4227 4331 4370 4430 4748 
269 337 573 650 783 867 1015 1194 1258 1414 1455 1533 2435 2503 2663 2890 2997 3023 3350 3383 3392 3569 3989 4032 4052 4142 4398 4549 4575 4598 4971 4982 
11 14 24 156 299 301 428 453 566 584 638 934 1111 1177 1195 1326 1431 1626 1723 1779 1822 2048 2153 2190 2193 2317 2461 2538 2796 2891 3044 3118 3135 3159 3337 3365 3442 3680 4070 4224 4381 4489 4924 4944 
99 1234 1279 1283 1371 1474 1531 1608 1641 1802 1973 2156 2212 2512 2728 2918 2977 3094 3168 3447 3484 3748 3863 3886 4588 4648 4884 
209 349 661 796 932 953 1018 1231 1246 1437 1461 1581 1604 1772 1912 2032 2196 2362 2469 2474 2634 2682 2766 3274 3525 3860 3922 3932 4005 4616 4640 4849 
68 258 280 284 495 591 752 859 940 1196 1722 1725 1737 1814 2030 2039 2166 2266 2280 2597 2629 2752 2844 3143 3356 3363 4024 4027 4220 4354 4407 4593 4736 4863 
4 19 183 361 436 507 802 1524 1623 1630 1717 1827 1838 1851 1957 2308 2426 2521 2622 2681 2810 2845 2978 3104 3196 3219 3231 3247 3269 3326 3491 3522 3640 3685 3799 3868 3987 4006 4126 4136 4404 4417 4465 4663 4753 4779 4862 4868 4913 
89 154 265 275 551 597 639 694 1044 1047 1080 1126 1633 1735 1971 2054 2232 2279 2322 2323 2612 3072 3093 3157 3357 3527 3549 3793 3851 3905 4077 4090 4182 4325 4414 4613 4677 4681 4818 4885 
42 356 357 406 457 693 740 775 943 945 1104 1334 1376 1589 1880 2129 2154 2427 2460 2477 2604 2790 3075 3158 3367 3547 3557 3576 3778 3846 3890 3940 3953 4004 4101 4254 4295 4364 4458 4460 4486 4576 4700 4983 
38 675 994 1006 1094 1133 1191 1250 1311 1504 1595 1757 2102 2123 2124 2177 2214 2510 2630 2666 2715 2830 3142 3293 3405 3508 3713 3743 3901 3988 4230 4298 4335 4348 4369 4479 4544 4627 4835 4840 4909 4964 
254 263 304 445 559 671 710 756 933 1068 1292 1491 1494 1674 1810 1914 1924 1928 1960 2018 2055 2288 2315 2434 2465 2549 2607 2758 3031 3207 3521 3573 3648 3753 3769 3837 4097 4132 4211 4333 4431 4436 4608 4727 4810 4886 4908 4993 
10 105 222 506 609 614 799 930 1002 1168 1217 1241 1254 1418 1599 1750 1799 2301 2430 2513 2547 2548 2589 2726 2959 3100 3130 3443 3511 3650 3657 3773 3795 4062 4261 4445 4455 4530 4699 4821 
100 401 492 642 731 765 830 906 983 1172 1187 1192 1275 1336 1385 1399 1480 1510 1557 1584 1904 2227 2359 2407 2419 2458 2515 2573 2577 2731 2919 3088 3120 3170 3227 3303 3331 3797 3908 4042 4159 4201 4259 4408 4441 4442 4596 4704 
115 132 394 619 632 707 739 787 873 1016 1319 1619 1654 1846 2236 2263 2479 3156 3173 3299 3320 3556 3567 3642 3660 3665 4056 4100 4411 4462 4517 4638 4820 
28 328 380 600 660 743 1249 1308 1459 1511 1577 1651 1718 1949 1972 2052 2106 2374 2562 2852 2878 3063 3164 3268 3523 3920 4158 4245 4386 4395 4434 4556 
397 405 419 459 809 912 978 1046 1328 1338 1645 2138 2228 2571 2592 2683 2757 2827 3348 3942 4165 4444 4890 
53 85 107 122 137 214 350 586 836 1013 1036 1309 1339 1366 1475 1632 1720 1752 1762 1861 2014 2210 2313 2366 2388 2873 2934 3133 3154 3347 3379 3404 3421 3505 3818 3918 3951 4064 4186 4188 4290 4409 4579 4709 4808 4989 
1 73 79 314 358 452 590 999 1317 1590 1758 1761 2004 2215 2471 2583 2657 2687 3039 3258 3629 4420 4493 
286 327 546 606 729 876 1163 1201 1278 1346 1453 1508 1652 1682 1833 1913 1916 1993 2079 2181 2495 2685 2872 2885 3001 3262 3513 3790 4125 4161 4228 4263 4282 4495 4572 4642 4802 4874 4947 
9 106 147 294 478 576 651 680 848 947 1109 1270 1850 1864 2165 2259 2331 2344 2489 2530 2637 2655 2761 2823 2866 2920 3003 3234 3413 3671 3762 3800 4145 4424 4524 4678 4861 4906 4987 
95 111 295 315 322 439 504 541 777 804 920 944 1058 1127 1164 1307 1552 1695 1759 1767 1965 2019 2147 2191 2240 2436 2871 3132 3488 3551 3653 3845 4131 4215 4329 4378 4384 4439 4494 4500 4506 4715 4824 4998 
50 158 161 216 411 677 691 819 975 1009 1048 1085 1119 1150 1213 1394 1470 1562 1708 1839 2105 2163 2242 2319 2381 2416 2626 2628 2699 2727 2803 3203 3243 3263 3407 4139 4265 4307 4546 4564 4590 
104 523 845 882 905 1041 1117 1221 1223 1237 1327 1613 1622 1710 1716 2070 2085 2351 2356 2585 2684 2700 3034 3137 3151 3283 3306 3458 3535 4252 4664 4919 
70 134 227 834 1027 1037 1071 1316 1567 1790 2620 3401 3532 3809 4017 4058 4217 4221 4406 4502 
178 231 343 482 532 601 647 704 918 928 977 1134 1357 1360 1503 1571 1664 1764 1894 1952 1962 2007 2144 2241 2363 2431 2564 2746 2774 2819 2865 2907 3144 3313 3646 3766 3805 3967 4034 4130 4266 4448 4501 4507 4509 4611 4639 4683 4850 
191 246 309 465 581 681 761 774 829 890 891 913 962 1090 1162 1467 1882 1905 1915 1940 2076 2198 2221 2255 2392 2575 2787 2791 2935 3055 3105 3131 3238 3265 3377 3396 3418 3561 3697 4233 4390 4794 4841 4945 
197 409 709 735 900 1665 1689 1707 1958 1967 2216 2329 2568 2670 2759 2792 3098 3112 3503 3542 3625 3815 3855 3859 4223 4623 4697 4770 4911 4979 
6 58 389 418 603 790 889 1362 1514 1821 1828 1974 2098 2192 2289 2497 2895 2973 3230 3385 3947 4240 4604 4624 4651 4790 4893 
52 103 151 319 362 396 626 961 1069 1113 1184 1415 1458 1515 2184 2189 2459 2768 2784 3038 3358 3512 3664 3722 3791 3993 3994 4054 4112 4317 4327 4490 4583 4649 4887 
883 921 985 1218 1873 2035 2270 2318 2486 2692 2912 3032 3069 3190 3362 3563 3617 3643 3712 3734 3787 3880 3895 3936 4019 4292 4837 
121 403 511 605 718 857 1011 1161 1563 1639 2082 2859 2863 2875 3342 3450 3501 3582 3927 4129 4213 4291 4483 4798 4804 
44 56 123 205 262 310 454 480 486 519 544 1054 1183 1607 1656 1760 1878 1932 1961 2063 2336 2570 2742 2748 2751 2982 3097 3209 3215 3237 3387 3439 3462 3540 3588 3723 3879 3882 3928 3930 4110 4553 4876 
190 229 248 463 481 540 572 733 758 842 1284 1295 1333 1820 1908 2041 2071 2113 2136 2286 2368 2379 2389 2400 2453 2838 3009 3071 3162 3253 3571 3634 3652 3752 3944 4074 4222 4251 4505 4527 4696 4907 4941 
176 185 226 497 530 732 835 1507 1848 2115 2223 2324 2424 2507 2603 2654 2756 2801 2983 3060 3116 3406 3428 3636 3765 3812 3906 3939 3962 4067 4328 4470 4606 4962 
93 143 491 524 585 623 948 1088 1185 1200 1215 1303 1439 1534 1566 1787 2034 2130 2211 2345 2834 2893 2975 3049 3165 3181 3325 3361 3474 3492 3889 4002 4055 4618 4741 4805 4827 
253 676 880 966 1167 1198 1519 1766 1996 2029 2509 2561 2569 2836 2966 3336 3364 3754 3756 3873 4269 4296 4330 4342 4504 4525 4675 
354 438 500 662 816 1072 1244 1321 1402 1442 1492 1522 1598 1642 1659 1777 1920 1950 2118 2150 2172 2273 2346 2380 2473 2617 2691 2963 3256 3394 3403 3487 3493 3496 3509 3668 3689 3892 3937 3981 4066 4410 4427 4586 4733 4936 4938 
300 333 346 470 553 791 815 1010 1084 1253 1693 1944 2264 2558 2675 2911 2991 3095 3589 3670 4619 4747 4801 4898 
18 91 386 702 1209 1227 1384 1597 1907 2200 2204 2543 2821 3245 3760 4238 4306 4392 4423 4543 4760 4855 
66 145 218 483 485 618 649 872 1001 1378 1870 2171 2218 2268 2693 2734 2797 2946 2958 3019 3081 3847 4305 4380 4763 4869 
29 63 65 326 365 592 625 970 979 1064 1170 1174 1175 1226 1306 1486 1605 1797 1988 1995 2092 2476 2631 2648 2736 2789 3018 3172 3179 3427 3455 3530 3655 3694 4356 4360 4514 4694 4730 4899 4946 
282 325 371 648 748 846 1146 1436 1532 1939 1979 2042 2364 2618 2649 2908 2943 2994 3101 3202 3318 3628 3659 3938 4073 4510 4516 4521 4560 4888 
422 509 554 589 995 1034 1093 1107 1348 1432 1734 1831 1856 2207 2428 2439 2696 2896 2962 3008 3029 3452 3715 3721 3893 4115 4154 4189 4774 4829 4970 
543 578 746 849 1099 1116 1129 1142 1257 1262 1535 1844 1926 2114 2120 2773 2960 3456 3678 4001 4013 4454 4478 4559 4589 4695 4867 
180 181 338 440 772 1427 1612 1713 1740 1918 2103 2238 2271 2466 2711 3056 3059 3183 3324 3376 3980 4021 4377 4550 4953 
268 425 698 703 897 1271 1390 1736 1998 2011 2226 2269 2276 2312 2611 2638 2743 2800 2869 2898 3117 3182 3232 3278 3761 3990 4008 4029 4207 4340 4396 4432 4565 4680 4762 4776 
74 162 355 391 413 513 587 781 1087 1092 1103 1156 1235 1335 1428 1487 1815 1879 2161 2358 2408 2442 2511 2806 2880 2929 3033 3064 3250 3431 3480 3483 3607 3767 3804 4063 4250 4256 4262 4300 4312 4452 4563 4610 4652 4706 4922 
48 272 488 508 738 960 964 1149 1289 1506 1616 1660 1798 1843 2128 2145 2225 2360 2613 2669 2709 2778 2936 3224 3550 3794 4031 4275 4511 4636 4667 4691 4754 4777 4791 4795 4892 4974 
80 83 144 245 426 427 499 580 613 617 749 822 955 1190 1260 1305 1392 1512 1703 1811 1812 1959 2061 2160 2243 2292 2593 2661 3188 3366 3414 3506 3519 3827 3997 4146 4187 4225 4247 4450 4570 4646 4654 4686 4701 4725 4995 
198 261 287 458 558 602 712 805 1000 1206 1261 1525 1629 1644 1704 1728 1732 1863 1994 2017 2162 2536 2678 2775 2776 2850 2862 2940 2953 3149 3187 3322 3495 3526 3606 3626 3649 3764 3916 4036 4037 4082 4147 4338 4484 4491 4771 4889 
129 279 472 487 516 708 728 780 860 896 1004 1169 1220 1342 1354 1539 1559 1691 1705 1783 1896 2132 2199 2206 2438 2517 2635 2805 2903 3180 3211 3294 3301 3446 3461 3639 3729 3789 3968 3983 4025 4099 4387 4605 4713 4786 
148 230 542 685 696 770 992 1139 1145 1203 1610 1653 2316 2321 2526 3013 3271 3343 3548 3575 3909 4391 4413 4492 4577 4800 4826 4831 4879 4920 
110 243 529 607 737 832 856 976 1059 1166 2390 2623 2772 3248 3590 3830 3870 4048 4173 4272 4288 4812 4823 4845 
535 588 604 875 936 1277 1672 1754 2111 2401 2404 2414 2449 3221 3329 3717 3718 3757 3777 3864 4745 
31 316 345 476 622 630 861 866 987 990 1031 1121 1141 1251 1264 1462 1586 1621 1687 1793 1909 1981 1984 2080 2110 2185 2608 2712 2841 2952 3051 3216 3373 3515 3620 3716 3792 4023 4116 4237 4477 4541 4569 4756 4767 4793 4856 4980 
451 926 1089 1290 1332 1576 2297 2468 2641 2674 2856 3298 3359 3531 3598 3701 3726 4118 4520 4658 4839 
40 97 116 212 220 278 388 539 563 629 1281 1324 1347 1368 1795 1800 1801 1808 1855 1911 2068 2093 2260 2658 2697 2843 2921 2942 2944 3065 3136 3198 3457 3467 3471 3507 3631 3763 3978 4039 4151 4175 4248 4503 4807 4935 4956 
25 130 166 236 364 670 853 907 973 1023 1124 1300 1466 1481 1669 1770 2119 2299 2352 2673 2826 2889 2923 3126 3352 3623 3727 3747 3779 4242 4309 4397 4400 4580 4614 4904 
57 112 203 673 820 1067 1416 1594 1875 1964 2278 2621 2793 3086 3122 3134 3212 3239 4171 4294 4382 4383 4582 4682 4900 4967 
228 267 373 430 494 766 801 839 1233 1331 1377 1406 1946 2000 2012 2075 2100 2252 2257 2420 2647 2853 2887 2909 3052 3161 3681 3690 3719 3853 3985 4080 4134 4687 4732 4772 4836 4870 4873 4996 
59 311 722 965 1242 1830 2208 2412 2695 2941 2986 3048 3409 3826 4009 4051 4072 4185 4206 4365 4496 4518 4698 
163 479 512 1065 1073 1123 1265 1433 1697 1859 1884 1990 2104 2149 2992 3017 3201 3223 3304 3369 3395 3785 3806 3956 4011 4226 4324 4353 4421 4440 4628 4634 4662 4719 4819 
87 271 779 869 1323 1447 2725 2765 2914 2974 2999 3024 3259 3429 3479 3498 3596 3609 3710 4235 4558 4587 
224 239 824 854 922 1301 1382 1614 2083 2091 2287 2309 2422 2464 2490 2602 2718 3021 3103 3124 3368 3751 3801 4028 4143 4204 4345 4481 4528 
69 165 303 348 755 785 1019 1219 1540 1886 1951 2094 2518 2779 3040 3129 3524 3817 4010 4284 4372 4376 
7 22 140 385 521 793 950 1248 1395 1411 1468 1744 1937 2086 2296 2302 2587 2601 2723 2957 3037 3145 3333 3397 3432 3470 3585 3603 3632 3850 3979 3999 4057 4107 4362 4375 4422 4461 4568 4581 4684 4711 4751 4858 4958 
101 341 1112 1287 1365 1544 2046 2261 2367 2398 2680 2802 2924 3000 3330 3485 3903 4093 4214 4286 4474 4497 4768 
32 108 204 593 637 971 981 1022 1095 1108 1501 1556 1680 1829 1900 2203 2281 2487 2767 3108 3430 3583 4105 4609 4690 4712 4877 
109 200 285 330 387 525 874 901 1030 1171 1320 1448 1647 1954 2213 2566 2588 2599 2721 2937 3341 3355 3486 3608 3811 3907 4003 4083 4168 4480 4792 4844 4866 4937 
302 446 456 692 727 877 919 923 931 1014 1025 1132 1337 1498 1583 1877 2001 2026 2069 2235 2619 2662 2906 3166 3468 3554 3656 3737 3822 3954 4069 4075 4205 4234 4359 4526 4532 4594 4702 4759 4838 
305 402 424 818 1160 1351 1603 1679 1726 1739 1768 2194 2298 2337 2383 2861 2950 3147 3184 3199 3289 3423 3426 3706 3823 3852 3919 4022 4191 4529 4574 
17 34 62 92 96 167 213 353 399 716 1056 1057 1157 1199 1230 1243 1490 1509 1530 1611 1789 1980 1989 2036 2265 2396 2660 2702 2905 3067 3449 3545 3931 3961 4015 4038 4104 4399 4499 4644 4830 4930 
288 429 612 773 811 833 850 1076 1341 1499 1500 1520 1536 1573 1596 1602 1624 1635 1637 1661 1746 1847 2051 2060 2551 2713 2799 2864 2955 3012 3281 3311 3314 3345 3696 3782 3833 3896 3898 3972 4103 4127 4523 4595 4797 4910 4912 4931 
296 382 633 754 763 823 1181 1239 1296 1670 1738 1825 1881 1922 1934 2025 2146 2188 2293 2343 2354 2672 2811 3375 3584 3669 3676 3698 3831 3894 4041 4162 4303 4571 
72 84 407 433 447 462 533 577 714 998 1005 1028 1042 1180 1263 1749 1813 1917 1948 1970 2057 2500 2502 2814 2948 3197 3346 3481 3704 3770 3824 3838 3925 4260 4299 4443 4724 4743 4846 4878 4927 
125 290 646 795 1147 1204 1441 2043 2133 2148 2481 2542 2679 2916 3002 3798 3883 4210 4515 4607 4742 
410 468 569 678 797 892 1050 1409 1543 1628 1666 1785 1832 1935 2249 2262 2304 2882 3011 3160 3841 4026 4059 4068 4092 4108 4122 4172 4231 4308 4349 4602 4620 4685 4703 4716 4825 4882 4902 4940 4948 
400 726 744 863 903 908 924 954 1081 1153 1255 1298 1322 1396 1408 1443 1617 1765 1776 1794 1976 2049 2074 2157 2195 2314 2347 2432 2444 2701 2719 2763 2913 3092 3169 3252 3286 3533 3730 4283 4425 4731 4842 4891 4965 
54 86 225 375 526 560 1053 1247 1313 1429 1688 1698 1872 1921 2073 2116 2222 2795 3043 3310 3705 3816 3933 4043 4773 4783 
193 376 384 414 656 687 864 1291 1312 1361 1638 1955 2140 2550 2591 2780 2786 3091 3127 3417 3539 3819 3849 4106 4149 4388 4552 4749 4755 
37 39 493 688 1128 1256 1634 1931 2258 2488 2760 2815 2842 3272 3433 3555 3568 3702 4428 4785 
12 35 118 128 170 1061 1214 1293 1686 2023 2341 2579 2985 3047 3061 3266 3402 3502 3630 3744 4012 4128 4740 4788 4966 
187 420 552 745 1636 1667 1751 1947 1956 1992 2274 2284 2730 2777 2967 3150 3316 3581 3627 3738 3796 4200 4554 4679 4717 4764 4766 4984 
51 259 307 417 557 564 865 1383 1517 1648 1857 1978 2253 2340 2429 2533 2534 2651 2762 3115 3217 3257 3477 3601 3644 3661 3974 4094 4323 4513 4539 4670 4799 4880 
344 443 449 461 658 1391 1401 1464 1600 1675 1824 1837 2121 2209 2335 2406 2560 2851 3015 3251 3465 3874 4447 4512 4718 4865 4901 
139 431 1120 1193 1318 1591 1606 2182 2596 2968 2989 3054 3380 3600 3622 3638 3684 3746 3832 3966 4433 4631 
88 174 244 372 645 668 982 1038 1051 1106 1424 1541 1819 2067 2090 2306 2384 2409 2445 2704 2849 2925 2988 3006 3128 3176 3374 3416 3741 3991 4076 4341 4548 4621 4710 4752 4955 
210 320 510 531 538 547 788 800 817 885 952 1374 1505 1564 1575 1743 1868 2164 2833 2972 3175 3205 3228 3683 4095 4163 4276 4351 4402 4435 4914 
153 195 363 489 747 968 1024 1074 1096 1100 1151 1159 1216 1407 1496 1890 1983 2078 2233 2256 2307 2310 2544 2567 2897 2900 3226 3386 3740 3814 3924 3926 4018 4232 4236 4438 4714 4828 4843 4990 
255 334 347 620 631 725 814 972 1045 1049 1052 1273 1350 1422 1456 1478 1542 1546 1588 1927 2040 2089 2095 2201 2581 2653 3123 3191 3315 3391 3558 3618 3783 3802 3884 4053 4113 4148 4273 4277 4301 4314 4358 4463 4787 4923 5000 
13 23 46 94 117 146 522 545 803 997 1008 1021 1152 1182 1356 2528 2633 2901 2926 2954 3074 3327 3621 3861 3996 4071 4666 4816 4848 4854 4988 
138 368 393 421 442 582 821 938 969 1035 1176 1550 1745 1809 1817 1885 2220 2267 2290 2732 2886 3114 3285 3305 3370 3438 3529 3560 3645 3654 3709 3724 3986 4088 4170 4209 4416 4459 4567 4629 4633 4813 4852 
55 71 240 250 335 490 502 636 667 904 1330 1352 1516 1554 1585 1747 1755 2015 2016 2433 2557 2665 3078 3384 3565 3725 3731 3759 3828 3842 3957 4065 4124 4219 4270 4545 4591 4728 4957 
196 565 810 1020 1118 1165 1329 1343 1435 1438 1484 1601 2239 2365 2386 2888 2892 2947 3041 3241 3353 3580 3602 3912 4278 4302 4315 4361 4367 4864 4954 4961 4968 
3 45 169 1274 1276 1294 1388 1457 1527 1646 1786 1901 2013 2077 2141 2523 2532 2744 2808 2828 2855 3073 3079 3195 3651 3667 3695 3772 3876 3929 3964 4060 4179 4258 4723 4746 4985 
188 232 313 674 807 1066 1272 1310 1419 1835 1867 1869 2143 2231 2376 2399 2413 2813 2831 3107 3236 3242 3288 3389 3490 3963 3965 4014 4176 4769 
608 610 1043 1222 1345 1417 1477 1479 1748 1899 2112 2142 2539 2640 2747 3393 3662 3923 3970 4750 
41 260 266 855 996 1266 1400 1471 1673 1753 1763 1771 1782 1840 1986 2006 2044 2230 2291 2338 2809 2969 3264 3280 3307 3344 3497 3775 3803 3820 3836 3840 3992 4007 4087 4091 4363 4612 4671 4737 4739 4834 
64 131 206 360 423 579 666 736 847 929 942 980 1444 1450 1561 1784 1792 1834 2056 2320 2348 2373 2382 2677 2722 3010 3070 3076 3206 3260 3291 3399 3736 3781 3943 4035 4133 4208 4449 4537 4578 4647 
133 159 784 1082 1130 1240 1413 1485 1493 1842 1854 1871 1982 2361 2559 2825 3220 3295 3454 3597 3605 4089 4177 4374 4535 4705 4738 
207 242 331 416 484 627 720 782 1077 1389 1547 1671 1727 2174 2418 2616 2625 2686 2729 2858 3194 3360 3451 3500 3616 3858 3971 4337 4656 4692 4778 4814 4822 
114 142 241 256 291 408 460 611 628 641 759 868 993 1040 1367 1565 1706 1724 1796 2097 2108 2272 2350 2519 2552 2794 2818 2922 3053 3189 3302 3339 3412 3516 3528 3587 4096 4102 4655 4660 4789 4952 4978 4999 
306 377 496 575 596 652 792 916 1079 1370 1488 1657 1685 1699 1756 1862 2010 2045 2064 2127 2197 2325 2370 2387 2441 2491 2555 2837 2927 2938 2964 3036 3110 3186 3261 3297 3579 3700 3958 4123 4153 4195 4202 4257 4626 4659 4939 
43 75 208 252 298 318 404 621 915 1186 1285 1538 1826 2002 2237 2753 3482 3708 3749 3750 3807 4650 
61 150 273 359 517 635 682 1007 1131 1205 1497 1558 1692 1733 1823 1897 1968 2283 2372 2378 2385 2867 3027 3200 3222 3338 3441 3534 3611 3663 3677 3825 3862 4169 4180 4346 4758 4775 4883 
789 1029 1114 1135 1344 1426 1719 1866 2342 2355 2405 2480 2565 2610 3317 3520 3666 3856 3917 4311 4451 4676 4921 4929 4981 
47 434 724 1178 1473 1483 1700 1807 2033 2038 2332 2333 2440 2443 2463 2505 2632 2642 2816 2894 3398 3675 3735 3821 4141 4326 
16 30 98 164 336 498 501 567 594 925 1062 1155 1379 1548 1742 2066 2377 2462 2531 2689 2860 2904 2928 2970 3082 3138 3436 3686 3714 3780 4030 4183 4318 4389 4485 4942 
189 233 701 768 939 1144 1286 1578 1593 1676 1677 1678 1683 1773 1874 2122 2167 2186 2254 2357 3140 3208 3381 3960 4085 4271 4446 4473 4566 4894 4905 4976 
537 771 1197 1212 1381 1555 1618 1712 1852 2152 2169 2224 2397 2525 2835 2987 3022 3351 3408 3592 3637 3857 3913 4156 4164 4573 
292 767 917 1055 1188 1268 1302 1387 1482 1587 1803 1876 1892 1910 2246 2402 2447 2537 2578 2782 2804 2807 3007 3080 3255 3276 3300 3323 3586 3867 4078 4178 4280 4293 4297 4366 
21 689 699 828 909 1137 1138 1446 1631 2062 2139 2334 2425 2456 2714 2755 2817 3058 3109 3111 3119 3155 3218 3334 3672 3745 3776 4229 
82 202 412 444 556 902 949 1039 1229 1369 1372 1549 1569 1701 1806 1816 1903 1936 1966 1985 2005 2050 2394 2478 2656 2671 2745 2771 2839 3233 3235 3332 3390 3546 3691 3707 3755 4045 4726 4780 4871 
477 562 644 690 798 886 1353 1472 2285 2496 2716 2749 3148 3287 3514 3577 3610 3891 4319 4630 4657 4661 
234 281 515 527 536 555 1125 1140 1423 1502 1781 1845 1941 2168 2393 2446 2484 2769 2770 2798 2829 2910 3016 3445 3578 3813 3829 3998 4166 4193 4198 4199 4385 4457 4811 4833 
308 340 378 381 464 750 894 984 986 1158 1238 1280 1625 1853 1860 1888 2248 2594 2598 2703 2739 2993 3030 3349 3440 3444 3595 3728 3768 4160 4551 4707 4809 
624 769 838 1340 1349 1425 1430 1545 1702 1729 2003 2217 2244 2472 2522 2615 2644 2668 2980 3028 3106 3229 3273 3475 3635 3977 4255 4334 4394 4534 4555 
135 277 324 369 548 700 1358 1375 1452 1681 1895 2247 2417 2467 2563 2706 3087 3139 3193 3388 3599 3619 4316 4437 4536 4672 4975 
2 211 238 339 534 634 640 741 762 862 895 1017 1236 1386 1643 1943 2482 2499 2624 2754 2783 2832 2902 2930 2976 2990 3146 3372 3688 3711 3843 3881 3885 3914 3941 4196 4538 4592 4859 
127 155 217 264 312 366 374 435 469 706 881 884 958 1032 1526 1709 1836 2009 2088 2187 2423 3026 3340 3604 3921 3948 4464 4585 4668 4928 4977 
49 441 471 571 583 655 705 840 887 991 1136 1208 1224 1380 1421 1513 1592 1804 1818 1902 1919 2126 2234 2349 2457 2576 2667 2724 2949 2998 3125 3246 3425 3566 3624 3758 3984 4086 4279 4304 4339 4456 4540 4557 4796 4897 4960 
67 157 171 219 251 467 683 841 988 1003 1091 1098 1189 2134 2606 2868 2870 3171 3204 3240 3612 3732 3739 3854 4281 4310 4379 4561 4637 4815 4986 
168 283 367 392 568 643 1026 1105 1228 1299 1518 1627 1977 1997 2008 2395 2614 2737 2840 3057 3308 3319 3420 3460 3641 3872 3875 3952 4047 4119 4140 4244 4419 4597 4735 4932 4934 4943 
172 270 432 1523 1528 1560 1582 1891 1898 2047 2087 2311 2328 2494 2694 3089 3244 3267 3538 4216 4584 4693 
141 175 184 317 937 941 989 1101 1207 1267 1694 2131 2159 2245 2421 2508 2535 2708 3035 3613 3693 3877 3949 4050 4243 4253 4274 4343 4632 4635 4997 
5 194 329 505 549 697 721 898 1078 1110 1269 1288 1420 1469 1489 1609 1620 1662 2021 2027 2059 2170 2173 2455 2485 2545 2553 2584 2764 2820 2931 2979 3517 3888 3975 3982 4117 4120 4368 4403 4415 4689 4851 4903 4917 4950 4951 
126 235 249 293 914 1033 1075 1179 1252 1404 1445 1465 1775 1849 1975 2117 2554 2572 2600 2707 2740 3083 3335 3476 3633 3742 3866 3945 4152 4157 4167 4426 4472 4653 4832 4994 
8 221 247 383 474 672 808 1070 1780 1883 2109 2180 2506 2636 2698 2822 2899 2915 2965 2996 3025 3062 3084 3152 3419 3466 3904 3973 4044 4313 4600 4734 4757 4784 4918 4992 
33 730 742 812 927 1232 1449 1454 1791 1945 2251 2556 3096 3185 3562 3614 3788 3869 4412 4429 
119 182 199 455 475 653 665 734 899 1097 1102 1115 1211 1297 1403 1537 1684 1714 1731 1774 2155 2183 2282 2294 2371 2448 2451 2492 2514 2646 2652 2735 2854 3020 3153 3177 3733 3848 3950 4138 4155 4212 4320 4453 4641 4765 4881 4972 4973 
186 437 561 659 669 879 957 1225 1325 1393 1460 1570 1663 1730 2158 2275 2504 2529 2664 2781 2874 3050 3178 3284 3424 3553 3594 3647 3674 3692 3720 3910 4192 4289 4476 4562 4625 4674 
26 448 616 695 776 778 786 910 974 1412 1521 1574 1615 1788 2452 2475 2520 2540 2710 2733 2812 2877 2932 3014 3068 3371 3422 3472 3478 3489 3543 3703 3834 4203 4347 
201 297 332 550 711 1012 1245 1410 1476 1553 1568 2065 2072 2099 2125 2175 2176 2403 2498 2639 2750 2824 2945 3113 3214 3290 3354 3536 3541 3564 3774 3900 4084 4121 4469 4744 4782 4817 4949 
20 473 503 715 723 757 806 831 837 1440 1580 1655 1893 2024 2369 2483 2586 2609 2717 2879 2883 2917 3121 3174 3382 3464 3504 3784 3839 3899 4016 4111 4174 4218 4268 4467 4471 4475 4603 4617 4673 4720 4803 4847 4853 4915 
102 179 323 351 570 595 713 893 1463 1650 1696 1929 2031 2339 2580 3213 3378 3463 3537 3808 3935 4109 4194 4344 4371 4468 4508 4542 4926 4991 
78 192 598 654 794 911 967 1060 1925 1987 2084 2250 2353 2741 2785 2981 3309 3434 3448 3559 3658 4144 
124 173 851 871 1434 1715 1858 1906 1991 2295 2303 2437 2848 2857 2933 2995 3090 3277 3292 3296 3570 3574 4033 4373 
215 276 321 764 843 935 1363 1551 1579 1640 1865 1889 2058 2101 2330 2645 3312 3544 3897 4061 4190 4267 4287 4531 4806 4857 
36 113 466 719 1083 1202 1359 1529 1649 2028 2179 2300 2327 2411 2574 2738 2847 2956 2971 2984 3042 3045 3270 3410 3435 3865 4020 4098 4181 4336 4350 4393 4482 4488 4643 4721 4729 4933 
27 120 342 352 398 528 813 951 1063 1122 1658 1668 1769 1938 2037 2053 2135 2205 2501 2627 2650 2939 2961 3077 3192 3254 3321 3415 3469 3572 3687 3902 4049 4114 4137 4197 4322 4498 4519 4645 4872 
149 257 379 518 684 751 870 946 1282 1711 1805 1953 2277 2493 3141 3282 3459 3518 3593 3673 4357 4615 4761 4896 
15 177 223 289 1495 1572 1721 1923 1933 1963 2107 2151 2375 2415 2582 2643 3275 3844 3871 3911 3915 4285 4487 4547 4860 
81 415 657 852 1397 1398 2546 2659 2690 2876 3066 3085 3210 3810 4040 4135 4405 4665 4669 4688 
274 450 717 753 825 844 888 959 1154 1173 1841 1969 2096 2137 2178 2326 2410 2846 2881 2951 3004 3005 3099 3225 3453 3510 3615 3934 3959 3969 4046 4241 4264 4321 4332 4781 4875 4916 4959 
76 77 514 574 599 615 686 760 858 963 1315 1690 1930 1999 2022 2305 2391 2450 2524 2527 2590 2605 3046 3102 3163 3249 3328 3400 3499 3771 3878 3887 3955 3976 4000 4150 4184 4239 4249 4352 4355 4401 4418 4466 4522 4533 4601 4722 4895 4925 
60 90 152 160 237 370 395 679 826 878 956 1143 1148 1210 1259 1355 1373 1778 1942 2020 2229 2470 2516 2541 2595 2688 2705 2720 3552 3591 3679 3786 4246 4599 4622 4708 4963 4969 
