257707.621508
177655.305502
173193.238095
172851.625062
172572.393706
172147.664192
171190.726820
168705.791789
164743.892098
161307.109130
158966.367810
157524.402664
156644.412567
156080.349139
155688.332017
155396.209827
155167.144034
154981.189993
154826.669140
154696.038732
154584.101301
154487.039709
154401.944278
154326.609562
154259.268973
154198.531538
154143.315359
154092.743864
154046.113631
154002.841651
153962.464690
153924.616287
153889.002378
153855.379182
153823.550079
153793.361992
153764.702870
153737.471980
153711.564875
153686.866458
153663.266201
153640.664153
153618.965301
153598.095188
153577.990243
153558.588114
153539.839403
153521.693881
153504.105099
153487.037956
153470.463440
153454.356987
153438.694909
153423.441717
153408.607706
153394.237042
153380.328413
153366.873937
153353.873480
153341.332983
153329.269629
153317.688572
153306.587197
153295.958146
153285.791601
153276.077166
153266.805730
153257.964926
153249.534986
153241.498783
153233.853087
153226.596604
153219.712349
153213.182481
153206.990691
153201.117268
153195.542796
153190.250353
153185.225363
153180.452102
153175.912818
153171.595357
153167.488692
153163.578308
153159.850008
153156.290316
153152.887132
153149.632096
153146.516797
153143.529978
153140.660638
153137.899482
153135.238173
153132.670077
153130.186780
153127.783065
153125.458074
153123.208888
153121.027511
153118.910375
153116.856640
153114.864027
153112.924223
153111.031494
153109.185268
153107.385991
153105.630171
153103.911761
153102.228702
153100.582652
153098.968990
153097.386046
153095.834277
153094.304681
153092.796208
153091.318752
153089.869321
153088.446027
153087.049328
153085.676603
153084.320899
153082.977292
153081.650375
153080.347672
153079.066842
153077.804634
153076.559485
153075.330535
153074.116426
153072.915909
153071.727803
153070.550966
153069.384183
153068.226015
153067.079786
153065.945324
153064.819221
153063.700835
153062.591750
153061.489665
153060.391705
153059.301354
153058.220599
153057.147052
153056.079279
153055.017429
153053.961087
153052.910283
153051.865529
153050.827254
153049.795603
153048.770435
153047.750351
153046.733560
153045.718783
153044.706392
153043.697294
153042.690408
153041.683806
153040.676615
153039.666809
153038.652963
153037.638434
153036.626142
153035.615147
153034.604388
153033.593755
153032.585942
153031.581646
153030.579493
153029.576823
153028.570180
153027.560261
153026.551424
153025.543793
153024.533479
153023.517316
153022.498806
153021.480902
153020.462393
153019.440258
153018.409421
153017.367383
153016.317575
153015.270505
153014.227075
153013.184221
153012.140225
153011.094083
153010.045119
153008.993037
153007.938103
153006.880844
153005.820611
153004.756629
153003.689339
153002.612722
153001.531258
153000.448974
152999.357737
152998.266752
152997.174616
152996.077847
152994.969683
152993.823442
152992.663704
152991.530452
152990.406948
152989.285176
152988.160161
152987.027248
152985.890995
152984.756894
152983.624703
152982.491428
152981.354853
152980.213080
152979.067131
152977.923580
152976.782089
152975.638892
152974.491240
152973.339667
152972.186177
152971.031108
152969.873961
152968.715108
152967.556372
152966.397224
152965.238527
152964.081062
152962.925401
152961.771536
152960.619284
152959.466962
152958.309047
152957.142008
152955.976633
152954.821813
152953.676380
152952.536600
152951.399094
152950.262736
152949.127766
152947.994850
152946.864660
152945.736471
152944.610015
152943.486031
152942.364099
152941.243347
152940.122745
152938.998088
152937.864629
152936.731040
152935.606628
152934.492566
152933.385787
152932.284283
152931.187404
152930.094434
152929.004478
152927.917320
152926.832551
152925.748705
152924.663100
152923.576067
152922.491367
152921.410634
152920.333583
152919.259383
152918.187155
152917.115959
152916.045951
152914.978818
152913.914326
152912.851203
152911.784735
152910.704712
152909.624329
152908.545999
152907.468359
152906.396338
152905.323857
152904.259035
152903.200490
152902.142667
152901.069849
152899.973546
152898.883182
152897.808224
152896.741992
152895.681679
152894.619843
152893.552320
152892.494019
152891.442496
152890.386775
152889.337726
152888.296989
152887.261020
152886.228762
152885.199798
152884.173992
152883.151119
152882.131260
152881.114928
152880.102414
152879.093327
152878.086583
152877.080949
152876.073340
152875.063954
152874.058896
152873.060476
152872.067479
152871.078288
152870.094142
152869.116234
152868.142098
152867.168082
152866.196825
152865.234757
152864.282297
152863.336682
152862.394176
152861.450711
152860.503700
152859.550899
152858.597171
152857.654063
152856.724010
152855.801399
152854.876925
152853.948999
152853.041612
152852.148874
152851.260662
152850.377086
152849.504921
152848.645332
152847.797304
152846.958637
152846.126919
152845.298666
152844.470981
152843.648228
152842.837352
152842.038912
152841.250853
152840.472308
152839.702402
152838.940014
152838.184473
152837.435510
152836.692814
152835.955561
152835.224653
152834.501032
152833.784603
152833.070336
152832.345027
152831.589073
152830.818687
152830.079783
152829.374771
152828.689652
152828.014886
152827.345030
152826.679078
152826.016514
152825.354170
152824.689355
152824.023215
152823.360545
152822.705463
152822.057274
152821.412079
152820.767444
152820.121178
152819.472658
152818.820490
152818.166000
152817.511203
152816.854952
152816.194372
152815.525774
152814.846078
152814.154313
152813.452473
152812.742924
152812.029030
152811.311430
152810.584769
152809.839929
152809.069820
152808.276671
152807.471965