6065.493445
6063.461676
6060.595622
6055.729336
6051.538411
6049.888610
6049.207667
6048.758680
6048.403484
6048.111015
6047.870168
6047.673186
6047.512204
6047.379418
6047.268691
6047.175388
6047.095844
6047.027103
6046.966822
6046.913096
6046.864433
6046.820283
6046.780437
6046.744816
6046.713599
6046.686228
6046.662140
6046.640812
6046.621872
6046.605053
6046.590098
6046.576701
6046.564632
6046.553874
6046.544238
6046.535512
6046.527562
6046.520493
6046.514252
6046.508625
6046.503367
6046.498486
6046.494127
6046.490248
6046.486848
6046.483878
6046.481273
6046.478980
6046.476949
6046.475134
6046.473475
6046.471939
6046.470592
6046.469417
6046.468372
6046.467443
6046.466614
6046.465872
6046.465208
6046.464613
6046.464079
6046.463597
6046.463161
6046.462763
6046.462395
6046.462064
6046.461768
6046.461504
6046.461264
6046.461048
6046.460852
6046.460674
6046.460511
6046.460363
6046.460228
6046.460104
6046.459989
6046.459882
6046.459780
6046.459683
6046.459591
6046.459510
6046.459438
6046.459375
6046.459318
6046.459265
6046.459216
6046.459171
6046.459130
6046.459091
6046.459053
6046.459017
6046.458982
6046.458946
6046.458909
6046.458869
6046.458830
6046.458792
6046.458758
6046.458729
6046.458704
6046.458682
6046.458662
6046.458644
6046.458628
6046.458613
6046.458599
6046.458586
6046.458574
6046.458561
6046.458550
6046.458539
6046.458528
6046.458518
6046.458508
6046.458498
6046.458489
6046.458482
6046.458475
6046.458468
6046.458461
6046.458454
6046.458445
6046.458434
6046.458421
6046.458408
6046.458394
6046.458378
6046.458358
6046.458337
6046.458319
6046.458305
6046.458293
6046.458279
6046.458263
6046.458244
6046.458228
6046.458215
6046.458204
6046.458194
6046.458183
6046.458172
6046.458162
6046.458154
6046.458144
6046.458129
6046.458107
6046.458082
6046.458055
6046.458026
6046.457984
6046.457918
6046.457813
6046.457668
6046.457502
6046.457333
6046.457182
6046.457058
6046.456956
6046.456857
6046.456757
6046.456678
6046.456619
6046.456572
6046.456532
6046.456497
6046.456467
6046.456440
6046.456415
6046.456392
6046.456372
6046.456354
6046.456338
6046.456322
6046.456308
6046.456295
6046.456282
6046.456271
6046.456260
6046.456250
6046.456241
6046.456232
6046.456223
6046.456216
6046.456208
6046.456201
6046.456194
6046.456188
6046.456182
6046.456176
6046.456170
6046.456165
6046.456160
6046.456155
6046.456151
6046.456147
6046.456143
6046.456139
6046.456135
