279 318 354 476 666 819 1178 1208 1209 1217 1418 1582 1640 1651 1708 1783 1823 1938 1976 2011 2116 2461 2924 3241 3400 3540 3654 3761 3799 3889 4215 4489 4656 4658 4685 4697 4756 4867 4927 
18 101 243 300 551 706 1252 1391 1686 1692 1726 1927 1964 2045 2325 2651 2767 2808 2899 2967 3019 3279 3315 3338 3452 4142 4350 4660 4714 4750 4785 4828 
66 74 249 269 280 285 327 513 585 678 749 824 1182 1362 1402 1653 1750 1888 2178 2266 2367 2499 2637 2880 3073 3133 3197 3413 3425 3603 3873 3913 4003 4162 4250 4463 4547 4554 4631 4686 4691 4929 4931 4953 
410 536 735 750 1069 1210 1225 1275 1534 1559 1700 2676 3058 3132 3236 3319 3352 3426 3427 3650 3983 4150 4363 4384 4473 4475 4689 
77 182 196 388 994 1019 1112 1128 1398 2041 2072 2107 2130 2411 2478 2893 3156 3171 3181 3292 3306 3353 3433 3842 3978 4357 4361 4394 4630 4776 4801 4832 
569 939 969 1166 1294 1481 1631 1643 1656 1705 1735 1931 1999 2056 2241 2578 2627 2661 2902 2904 3193 3213 3313 3464 3554 3679 3730 3943 3946 4214 4239 4442 4618 4893 
178 235 311 376 427 428 616 699 877 1000 1079 1150 1191 1240 1325 1364 1406 1446 1646 1688 1758 1762 2044 2071 2077 2094 2100 2103 2435 2472 2584 2595 2635 2901 3078 3222 3269 3704 3711 3805 4012 4171 4287 4311 4358 4496 4665 4877 4904 
40 49 96 168 187 498 615 689 747 859 1015 1027 1043 1068 1088 1399 1871 1946 1988 2065 2104 2320 2574 2868 3308 3378 3435 3629 3692 3793 3802 3824 3875 4038 4172 4393 4552 4560 4675 4922 
193 313 471 522 953 1151 1309 1447 1473 1599 1617 1830 2000 2218 2264 2488 2714 2722 2988 3059 3076 3173 3368 3391 3506 3536 3649 3734 3736 3919 3973 3991 4221 4280 4285 4302 4476 4478 4550 4742 4841 4869 4899 4988 
64 156 233 292 363 403 518 895 940 951 1192 1196 1223 1345 1607 1652 1921 1960 2014 2123 2140 2349 2401 2445 2500 2738 2834 3007 3122 3196 3542 3781 3951 4066 4140 4246 4501 4526 4701 4902 4932 4971 
261 349 572 705 793 957 1018 1281 1346 1554 1930 1951 1996 1997 2079 2097 2312 2439 2491 2579 2657 2737 2839 2869 3012 3142 3143 3364 3370 3508 3668 3741 3756 3774 4031 4035 4308 4382 4421 4434 4470 4608 4610 4619 4728 4803 4816 4909 
4 681 736 773 790 874 1065 1216 1224 1243 1365 1545 1597 1634 1709 1757 1800 1858 1890 2070 2303 2556 2614 2654 2882 3119 3250 3251 3330 3336 3468 3544 3585 3591 3699 3917 4178 4502 4865 4963 
19 93 158 169 643 685 837 882 958 1157 1159 1231 1244 1259 1279 1285 1293 1323 1562 1654 1850 1876 1915 1957 2073 2308 2900 2912 2948 3332 3415 3429 3918 3923 4073 4124 4212 4241 4426 4590 4641 4657 4704 4730 4760 4850 4950 4981 
41 139 160 194 298 629 630 1067 1469 1508 1669 1962 2028 2080 2180 2184 2343 2360 2366 2476 2631 3121 3184 3234 3281 3565 3892 4087 4092 4106 4353 4380 4774 
14 29 45 148 366 458 570 640 851 1107 1220 1834 2271 2301 2423 2425 2618 2665 2833 3163 3365 3367 3489 3707 3720 3888 4236 4425 4781 4810 4831 4838 
35 288 398 875 1066 1242 1358 1458 1472 1520 1760 1902 1984 2208 2297 2348 2621 2756 2884 3713 3828 4282 4407 
274 503 670 690 702 794 981 1013 1016 1034 1144 1274 1357 1549 1602 1632 1674 1731 1981 2078 2102 2236 2391 2539 2672 2739 2744 2825 3331 3335 3357 3473 3521 3717 3773 4090 4123 4146 4159 4310 4318 4424 4491 4643 4943 4983 
355 414 717 802 852 1239 1588 1624 1806 2427 2542 3034 3057 3208 3301 3448 3619 3656 3771 3812 4088 4112 4495 
320 739 800 840 1044 1457 1489 1515 1576 1717 1839 1940 2093 2098 2342 2583 2593 2664 2863 3091 3286 3310 3311 3628 3719 3722 4006 4021 4156 4203 4225 4343 4389 4432 4479 4609 4646 4735 4753 
48 89 306 344 775 857 927 1237 1258 1277 1348 1383 1444 1590 1825 2004 2062 2120 2306 2324 2336 2532 2732 2875 3004 3109 3230 3267 3354 3592 3742 4354 4469 4638 4709 4743 4956 4974 4987 
38 246 295 301 333 421 442 573 686 871 880 1091 1219 1222 1310 1352 1414 1796 1887 2033 2128 2151 2484 2604 2724 3015 3285 3351 3371 3447 3459 3587 3604 3663 3862 3910 4072 4283 4404 4538 4732 4768 4830 4998 
299 515 528 546 648 863 893 985 1003 1036 1063 1077 1270 1282 1403 1615 1787 1808 2017 2144 2145 2257 2437 2444 2580 2752 2999 3001 3010 3052 3224 3249 3266 3350 3716 3855 4061 4575 4597 4825 4884 
1 67 157 167 467 605 741 847 1008 1104 1106 1286 1485 1544 1565 1738 1917 2161 2211 2607 2770 2814 3347 3620 3694 3944 3964 4120 4155 4344 4642 4770 
5 9 172 188 961 973 999 1038 1109 1201 1257 1280 1587 2633 2775 2959 3682 3726 3816 3819 
52 179 198 369 420 485 565 612 718 730 784 807 808 823 1315 1369 1460 1816 1970 2003 2055 2059 2146 2528 2656 2681 2800 2927 3067 3110 3117 3131 3183 3188 3379 3633 3776 3992 4009 4174 4180 4244 4446 4652 4669 4799 4860 4898 4989 
36 102 465 487 577 963 997 1215 1236 1314 1387 1404 1480 1497 1671 1805 1883 2464 2475 2575 2831 3069 3075 3442 3608 3798 3900 4063 4076 4179 4200 4269 4402 4454 4570 4579 4600 4602 4636 4744 4782 4888 4964 4968 
262 323 432 456 478 810 843 1176 1253 1330 1397 1528 1767 2038 2168 2838 2918 2929 3028 3054 3334 3880 3966 4007 4028 4069 4458 4539 4561 4625 
72 138 229 267 539 694 822 900 1037 1132 1445 2217 2250 2434 2572 2941 3115 3216 3600 3746 3797 3815 4024 4051 4080 4439 4483 
25 453 477 505 600 751 757 786 813 878 979 1474 1482 1484 1791 1923 2061 2169 2671 2815 2846 2920 3203 3384 3404 3438 3497 3534 3675 3723 3733 4045 4211 4460 4587 
140 472 540 646 671 872 933 1032 1071 1356 1372 1496 1567 1869 2131 2755 2923 2981 3212 3446 3709 4116 4147 4187 4207 4620 4654 
259 525 597 712 754 950 1006 1307 1548 2063 2086 2267 2294 2535 2810 3003 3153 3261 3287 3462 3644 3758 4034 4379 4388 
204 284 296 362 417 667 888 1070 1103 1355 1408 1491 1543 1546 1598 1649 1935 1972 1973 2022 2049 2191 2663 2713 2716 2788 2817 3000 3072 3938 4010 4011 4065 4070 4271 4484 4514 4721 4739 4748 4783 4885 4958 
205 225 268 517 886 1035 1271 1340 1375 1429 1435 1436 1511 1574 1577 1657 1662 1682 1766 1826 1985 2361 2380 2611 2639 2701 2942 2964 3135 3147 3294 3325 3985 4048 4060 4086 4160 4186 4419 4556 4767 4819 4889 
260 437 628 642 645 868 918 968 1601 1661 1786 2283 2438 2557 2591 2715 2725 2850 2998 3016 3044 3046 3100 3283 3581 3689 3878 3933 4122 4492 4537 4736 4806 4826 
95 316 459 589 635 669 795 935 1152 1321 1525 2175 2234 2270 2318 2750 2928 3167 3268 3284 4047 4062 4305 4472 4580 4588 4599 4663 4703 4713 4757 4766 4807 4817 4833 4839 4858 
206 486 688 726 770 862 870 904 1042 1056 1139 1230 1696 2052 2060 2513 2529 2559 2819 3259 3314 3326 3385 3471 3614 4506 4549 
230 315 334 439 500 544 738 869 897 1005 1247 1417 1462 1644 1799 1856 1924 1958 1994 2166 2190 2397 2741 2926 2952 2979 3056 3105 3239 3410 3449 3484 3495 3555 3606 3666 3754 3768 3866 3931 4081 4118 4194 4747 4779 4787 4795 
149 380 406 444 634 636 993 1125 1145 1229 1509 1529 1683 1721 1810 2465 2540 2684 3043 3165 3265 3327 3535 4050 
358 431 1010 1211 1232 1255 1411 1441 1820 2032 2090 2187 2555 2740 2844 3042 3090 3094 3190 3523 3727 4075 
328 397 452 568 627 745 814 992 1146 1297 1817 2139 2363 2426 2536 2558 2687 2898 3151 3406 3483 4026 4230 4298 4322 4591 
527 576 725 817 867 890 1048 1138 1204 1289 1290 1494 1642 1843 2009 2030 2047 2157 2220 2410 2523 2561 2761 3194 3479 3502 3612 3751 3790 3849 3903 3915 3942 3969 3995 4135 4578 4805 4895 4908 4969 
122 435 624 655 716 942 1061 1342 1606 1803 1870 1991 2018 2043 2076 2471 2517 2695 2813 3082 3084 3409 3460 3562 3804 4039 4436 4482 4540 4764 
131 519 647 772 988 1029 1347 1463 1621 1753 2002 2058 2696 2754 2778 3201 3204 3300 3397 3466 3487 3698 3731 3830 3876 4288 4319 4548 4677 4692 4824 
28 199 207 324 475 545 1087 1702 1776 2089 2601 2774 2789 2855 3051 3113 3363 3810 3827 4257 4307 4316 4335 4356 4490 4586 4603 
150 389 436 673 804 1059 1373 1501 1622 2006 2125 2147 2323 2351 2356 2495 2908 3161 3472 3701 3732 3764 4324 4378 4396 
54 69 135 473 734 744 798 991 1302 1668 1880 1948 1955 2082 2122 2219 2606 2871 2969 3138 3312 3346 3579 3590 3739 3899 3911 4001 4192 4399 4457 4559 4592 4827 4920 4957 
73 117 214 286 400 481 607 674 762 1022 1110 1245 1619 1698 1793 1802 1920 1943 2081 2091 2362 2588 2698 2763 2773 2816 2968 2970 3302 3387 3602 3833 3860 3968 3998 4052 4133 4188 4248 4301 4320 4474 4589 4708 4919 4936 4967 
224 418 447 474 583 693 891 1161 1249 1338 1539 1710 2046 2053 2279 2452 2709 2727 3099 3276 3297 3298 3369 3422 3436 3635 3718 3725 3834 4104 4153 4633 4650 4755 4891 4918 4955 4982 
60 110 372 450 460 696 756 860 1054 1432 1685 1812 1846 1859 2295 2330 2418 2497 2510 2597 2936 3123 3157 3205 3218 3231 3255 3355 3386 3444 3503 3551 3729 3904 3932 3986 4274 4438 4632 4684 4724 4740 4745 4843 4973 4995 4996 
24 26 70 119 120 155 166 248 340 373 379 469 532 752 788 835 836 850 884 896 1096 1199 1720 1725 1779 1818 1860 1998 2379 2492 2613 2634 2891 3038 3074 3248 3253 3453 3583 3945 4126 4238 4291 4391 4737 4789 4871 4977 
82 183 217 264 541 592 729 924 965 1017 1235 1659 1694 1897 1968 2036 2165 2201 2221 2322 2460 2645 2699 2757 2759 2795 2931 2932 2940 3262 3401 3418 3494 3517 3782 4030 4044 4405 4471 4516 4595 4604 4761 4811 4874 4972 
17 356 367 547 697 967 1026 1083 1453 1465 1486 1498 1848 1953 2085 2170 2238 2286 2309 2766 2804 3533 3657 3685 3886 4023 4101 4299 4334 4412 
23 51 658 722 1569 1578 2050 2132 2203 2206 2244 2394 2520 2553 2717 3390 3529 3702 3740 4177 4184 4413 4467 4530 
68 147 523 1328 1466 1618 1867 2300 2377 2602 2658 2848 2963 3071 3086 3610 3908 4037 4049 4314 4336 
221 250 377 386 433 524 552 639 764 771 831 864 912 922 1265 1499 1749 1814 1864 1922 2084 2119 2240 2291 2524 2582 2822 2861 2874 3063 3200 3423 3492 3846 3868 4204 4306 4444 4459 4558 4567 4607 4627 4653 4773 4846 4859 4880 
171 687 827 970 1007 1129 1170 1276 1377 1536 1594 1866 1877 2129 2302 2395 3088 3264 3573 3767 3902 
104 105 357 370 654 724 727 1123 1212 1317 1405 1433 1739 1794 1849 1974 2010 2034 2118 2209 2314 2404 2487 2490 2877 2922 3029 3081 3092 3169 3178 3630 3777 3821 3960 4043 4057 4208 4366 4398 4543 4612 4726 4862 4923 4944 4966 
65 549 662 855 905 1300 1367 1371 1438 1563 1658 1691 1908 1929 1932 2039 2110 2135 2242 2374 2571 2751 2958 3047 3124 3185 3321 3661 3677 3887 4235 4254 4352 4493 4522 4788 
27 39 239 256 384 535 637 937 1090 1189 1202 1439 1672 1756 1892 1912 2054 2117 2329 2337 3202 3883 4108 4191 4229 4565 
20 134 317 587 821 926 929 1051 1163 1384 1389 1410 1415 1526 1533 1566 1670 1785 1861 1954 2111 2248 2550 2648 2700 2726 2845 2994 3228 3421 3634 3762 4095 4272 4273 4712 4759 4763 4814 4938 
94 263 270 499 586 653 1164 1327 1535 1822 1905 2296 2350 2851 3344 3356 3393 3395 3532 3757 3848 4346 4423 
378 555 558 599 650 665 704 763 1080 1322 1477 1500 1648 1716 1718 1852 1925 2413 2443 2609 2622 2729 3145 3383 3440 3607 3609 3624 3660 3664 3996 4286 4464 4812 4847 
15 53 343 613 825 1121 1181 1228 1306 1755 1807 1975 2304 2991 3416 3525 3652 4134 4144 4237 4265 4409 
308 464 623 906 1101 1337 1359 1386 1401 1412 1424 1819 1904 2383 2405 2807 2829 2866 2990 3048 3154 3175 3179 3407 3588 3949 3953 4275 4416 
526 556 641 858 1167 1269 1343 1479 1690 1952 2399 2772 2971 3062 3195 3217 3428 3539 3553 3789 4008 4205 
86 170 197 326 394 415 509 700 777 848 879 1030 1162 1221 1572 1616 1789 1969 2160 2261 2480 2538 2655 2670 2678 2879 3320 3373 3396 3857 3981 4074 4084 4189 4220 4227 4260 4263 4325 4510 4551 4796 4820 4864 4906 
244 381 391 468 514 731 803 911 1055 1113 1165 1175 1804 1910 2450 2619 3358 3394 3526 3779 3890 4077 4427 
81 251 409 507 619 684 833 1001 1100 1179 1292 1336 1370 1637 1831 2113 2155 2387 2644 2689 2907 2996 3486 3826 3843 3869 4078 
142 484 559 602 818 1053 1382 1568 1583 1595 1961 1971 2243 2268 2630 2660 2719 2870 2953 3070 3101 3106 3270 3388 3402 3577 3616 3680 3871 3894 4197 4339 4569 4655 
47 272 275 281 584 606 856 887 913 930 945 983 1082 1455 1490 1506 1737 1773 1987 2223 2265 2335 2431 2466 2668 2702 2779 2787 2965 3514 3847 4096 4137 4268 4278 4284 4422 4598 4875 4924 4948 
107 290 319 892 962 1041 1046 1431 1437 1527 1620 1884 2277 2447 2821 2824 2857 3257 3772 3778 3850 3970 3980 3993 4013 4292 4360 4365 4453 4498 4790 
33 347 395 407 451 530 660 742 832 943 954 1137 1153 1183 1316 1380 1609 2088 2467 2653 2679 3116 3129 3134 3176 3275 3293 3342 3362 3434 3631 3864 3972 4480 4485 4557 4601 4637 4662 4868 4976 4992 
85 258 371 423 449 479 675 679 955 975 978 1195 1241 1379 1419 1443 1542 1625 1724 1727 1854 1893 2134 2158 2254 2390 2577 2703 2720 2780 2885 2974 3040 3087 3198 3244 3437 3584 3785 3817 4141 4315 4440 4585 4594 4611 4723 4951 
57 231 321 387 574 601 723 774 1060 1248 1636 1751 1956 1990 2269 2333 2712 3045 3126 3211 3254 3570 3622 3637 3670 3813 3865 4053 4121 4148 4364 4418 4486 4555 
228 325 364 564 578 608 632 759 883 1122 1171 1461 1695 1712 1844 1889 1914 1926 2449 2865 2917 3022 3263 3295 3305 3376 3493 3505 3515 3569 3906 3937 3939 4002 4173 4226 4448 4649 4687 4696 4896 
76 151 791 839 1097 1118 1571 1736 1967 2463 2507 2508 2691 3096 3172 3405 3561 3708 3851 4058 4198 
79 97 283 350 413 834 959 996 1057 1135 1267 1442 1558 1626 1665 2040 2225 2353 2498 2503 2527 2680 2685 2747 2853 2860 3039 3112 3182 3450 3545 3593 3618 3674 4210 4277 4383 4752 4907 4910 4970 
112 177 338 351 710 915 1117 1124 1131 1168 1296 1416 1483 1493 1523 1865 2114 2230 2430 2448 2533 2760 2786 2823 2943 2962 3125 3160 3329 3646 3872 3877 3912 3984 4342 4445 4512 4527 4574 4621 4661 4856 4914 4928 4991 
34 143 186 322 330 443 938 998 1092 1205 1350 1423 1476 1862 2207 2339 2519 2526 3002 3026 3853 4435 4437 4443 4577 4624 
106 180 374 649 711 715 812 1256 1471 1894 1950 1979 1986 2020 2029 2048 2074 2251 2282 2530 2640 2649 2728 2837 3192 3271 3439 3601 3693 
92 276 294 310 740 801 1116 1284 1550 1570 2256 2375 2456 2910 2937 3566 3818 3940 4107 4110 
133 987 1072 1136 1553 1638 1900 2121 2216 2417 2442 2650 2743 2897 2947 3060 3232 3274 3491 3537 3841 4020 4253 4279 4584 
201 216 223 238 441 463 898 1184 1233 1344 1420 2193 2273 2317 2723 2802 2847 2854 3136 3381 3431 3613 4032 4132 4606 4626 4634 4695 
59 146 1172 1354 1740 1744 1965 1989 2021 2099 2213 2537 2551 2615 2736 2856 2862 2934 2944 2986 3152 3399 3420 3500 3572 3907 4025 4143 4222 4450 4635 4706 4717 4786 
11 91 152 213 405 457 497 566 792 910 952 1024 1591 1941 2037 2382 2599 2674 3465 3527 3578 3655 3752 3803 3928 4036 4397 
185 255 282 408 1320 1381 1673 1833 1875 2067 2245 2299 2332 2352 2642 2867 2954 3481 3482 3512 3563 4375 
504 580 811 1305 1478 1504 1641 1647 1667 1764 1765 1939 1995 2087 2126 2171 2288 2358 2420 2617 2771 2783 2849 2973 2987 3324 3375 3451 3648 3743 3977 4105 4340 4408 4734 4758 4933 
124 383 426 728 861 1094 1246 1311 1507 1769 2012 2015 2092 2255 2328 2446 2590 2603 2624 2776 2930 3014 3041 3258 3611 4195 4256 4296 4718 4771 4794 
62 211 844 920 986 1288 1593 1660 1697 1824 1949 2321 2414 2432 2511 2745 2746 2765 2864 2951 3108 3144 3150 3372 3454 3519 3552 3748 3952 4040 4129 4165 4545 4729 4894 4912 4930 4945 4990 4994 
132 332 506 677 719 761 779 931 1084 1227 1263 1324 1430 1450 1603 2019 2051 2069 2137 2186 2278 2346 2554 2562 2683 2730 2797 3098 3191 3206 3469 3814 3831 3920 4154 4359 4541 4563 4596 4672 4853 4870 4881 4921 4926 4952 5000 
203 302 336 404 434 454 466 682 907 946 1169 1341 1351 1857 1899 2263 2841 2995 3093 3382 3458 3763 3891 3947 4018 4509 4532 4699 4733 4784 4798 
116 462 560 664 760 956 1158 1185 1251 1368 1440 1575 1681 1715 1811 1828 1928 2096 2227 2313 2384 2409 2440 2768 2878 2886 3137 3210 3474 3496 3507 3574 3688 3705 4004 4022 4369 4386 4534 4644 4775 4834 4897 
83 99 257 416 502 520 561 622 909 916 964 1119 1385 1600 1677 2188 2226 2259 2402 2473 2610 3243 3303 3377 3424 3470 3571 3651 3653 3759 4067 4293 4395 4690 4722 4802 4837 4857 4985 
115 190 482 625 633 656 1014 1040 1206 1308 1514 1732 1827 2112 2189 2381 2493 2605 2612 2828 2966 3252 3277 3412 3476 3605 3874 3948 4130 4499 4528 4707 4866 
16 163 191 227 291 430 626 1033 1049 1495 1684 1729 1840 2083 2237 2509 2546 2547 3055 3065 3174 3289 3564 3568 3647 3784 3801 3958 3974 4000 4245 4433 4517 4564 4674 4738 4886 
88 368 393 841 948 1011 1154 1326 1722 1885 1898 1977 2156 2202 2441 2708 2832 3006 3130 3245 3278 3455 3669 3672 3806 4041 4055 4317 4521 4698 
21 531 590 721 1086 1449 2008 2024 2057 2177 2477 2481 2895 3080 3170 3296 3927 4158 4199 4231 
289 488 805 849 936 966 1047 1058 1120 1142 1361 1454 1679 1699 1906 1963 1982 2228 2262 2284 2331 2544 2697 2890 2933 3111 3322 3349 3456 3626 3632 3665 3755 3852 3895 4429 4508 4613 4679 4694 4711 4848 
6 32 43 129 247 618 709 758 1039 1126 1303 1312 1452 1835 1853 1873 1909 2016 2066 2275 2340 2341 2398 2512 2961 3745 3829 3930 3950 3965 4183 4309 4411 4449 4488 4680 4705 4710 4715 4720 4821 4913 
75 309 445 492 828 974 980 1592 1650 2154 2233 2354 2406 2494 2505 2667 2721 2803 2984 3237 3345 3417 3463 3501 3520 4605 4617 
412 596 644 1095 1173 1759 1763 1966 2109 2174 2372 2419 2568 2620 2840 2843 2949 3189 3220 3288 3316 3366 3697 3881 3999 4085 4544 4576 4778 4792 4800 4823 4879 
30 55 63 240 254 297 353 550 708 713 1050 1421 1538 1552 1777 1782 1913 2143 2198 2214 2292 2371 2502 2643 2718 2939 2972 2985 3031 3053 3403 3480 3783 3795 3822 3838 3844 4005 4456 4731 4777 4954 4961 4999 
84 234 516 563 691 737 787 830 995 1194 1273 1349 1513 1518 1604 1663 1704 1747 1874 2068 2108 2373 2389 2587 2646 2748 2799 2892 2906 2915 3021 3025 3068 3509 3510 3794 4332 4337 4338 4525 4573 4629 4664 4746 4851 4882 4960 
195 304 341 663 672 789 1062 1203 1664 1754 1778 2370 3246 3596 3684 3749 3935 4113 4218 4270 4323 4400 
12 126 438 638 846 1451 1487 1630 1633 1711 2101 2149 2215 2229 2315 2385 2534 2616 2706 2735 2950 2978 3030 3164 3238 3524 3617 3671 3796 3836 3941 3962 3979 4027 4497 4615 4804 4840 4949 
192 425 668 901 1841 1937 1980 2023 2246 2433 2548 2677 2977 3120 3441 3550 3775 3905 3926 3936 3955 3963 4099 4417 4519 
121 210 237 361 483 489 537 984 1218 1374 1798 2172 2485 2566 2573 2784 2806 3199 3490 4016 4079 4513 4542 4593 4628 4659 
335 352 657 659 1021 1111 1560 1613 1645 1689 1768 1983 2334 2482 2514 2905 3011 3033 3079 3107 3128 3186 3307 3485 3809 3961 4166 4168 4206 4217 4430 4431 4477 4504 4622 4808 
242 293 461 703 866 1268 1334 1428 1723 1745 1879 1992 2298 2429 2518 2567 2916 2919 3141 3166 3599 3625 3914 3934 4046 4201 4202 4345 4639 4754 4829 4835 
80 125 277 455 941 1078 1714 1911 2106 2167 2196 2287 2326 2368 2525 2983 2993 3085 3103 3127 3299 3414 3645 3861 3896 4515 
278 390 534 782 815 928 1099 1250 1459 1519 1573 1666 1687 1838 1881 2163 2260 2290 2393 2469 2474 2479 2873 3066 3714 3791 3840 4300 4351 4373 4505 4520 4702 4935 4939 4940 
346 382 396 401 680 707 1002 1198 1298 1510 1676 1907 2182 2199 2888 2889 3282 3721 3856 3909 4089 4114 4152 4266 4468 4503 4531 4645 
90 162 208 611 785 889 949 1052 1098 1108 1283 1475 1492 1775 1788 1813 1821 2153 2247 2378 2662 3097 3104 3223 3696 3710 3925 3987 4083 4213 4313 4367 4466 4523 4562 4651 4666 4671 4855 4890 4916 
610 1127 1291 1360 1551 1610 1872 2027 2141 2232 2629 2707 2731 2762 2945 3005 3348 3589 3879 4176 4209 4243 
3 173 495 579 826 1076 1467 1713 1847 2197 2235 2347 2364 2669 3177 3340 3477 3488 3528 3586 3678 3681 3683 3765 3766 4100 4167 4169 4193 4259 4536 4670 4793 4813 4934 4947 
620 746 767 977 1012 1081 1262 1299 1422 1464 1605 1742 1774 2138 2176 2504 2608 2690 2794 2887 3037 3118 3432 3541 3549 3769 4102 4232 4297 4494 4533 4640 4878 
61 109 200 219 271 365 375 603 780 947 1075 1105 1133 1488 1680 1734 1784 1809 1959 2272 2327 2581 2793 2796 3050 3392 3598 3623 3706 3893 4769 
312 429 490 776 806 899 1188 1200 1396 1425 1635 1706 1770 1832 2392 2408 2576 2894 3207 3240 3686 4015 4109 4219 4385 4507 4673 
273 337 339 1772 1790 1815 2150 2204 2316 2455 2522 2565 2592 2673 2830 2852 2876 2955 3083 3089 3226 3273 3280 3499 3504 3548 3641 3976 4029 4175 4362 4572 4616 4676 4716 4849 4911 4925 4965 
31 58 411 593 768 902 1009 1180 1524 1532 1728 1837 1842 2115 2148 2249 2305 2345 2359 2710 2818 2896 3139 3359 3511 3543 3700 3924 4117 4247 4390 
42 144 253 494 511 529 617 652 676 885 1115 1141 1149 1160 1319 1517 1564 1614 1678 1761 1829 1863 1891 2124 2173 2369 2733 2975 2976 2980 3260 3558 3595 3832 4056 4059 4064 4164 4182 4328 4370 4524 4553 4822 4876 4979 4993 
2 10 215 305 342 582 591 854 903 917 1318 1333 2013 2200 2231 2506 2564 2989 3339 3724 3823 4091 4098 4224 4262 4289 4341 4376 4465 4683 4693 
108 331 359 510 1174 1254 1868 1895 2001 2035 2136 2307 2386 2454 2459 2545 2585 2589 2704 2792 2820 2881 3009 3095 3140 3323 3475 3901 4136 4251 4267 4312 4330 4348 4461 4582 4623 4959 
575 733 809 1363 1537 1608 1752 2007 2396 2451 2570 3027 3242 3411 3627 3737 3750 3780 3792 4127 4185 4349 
100 446 548 614 816 881 976 1193 1395 1540 1748 1801 2501 2531 2541 2596 2686 2801 3024 3149 3159 3180 3317 3760 3808 3854 4294 4428 4535 4581 4719 
37 222 245 303 385 533 588 1085 1114 1177 1213 1234 1261 1378 1719 1771 1916 1933 2026 2185 2222 2258 2276 2310 2416 2675 2826 2858 2992 3008 3064 3158 3221 3531 3582 3638 3770 3786 3820 4163 4181 4261 4295 4529 4727 4765 4842 
212 241 265 360 422 480 799 990 1028 1155 1186 1301 1390 1470 1580 1596 1901 1918 2192 2586 2638 3530 3576 3643 3735 3738 3787 4014 4128 4281 4326 4725 4749 4861 4873 4917 
128 175 399 512 571 594 829 1147 1187 1266 1295 1304 1426 1530 1581 1903 1945 2285 2598 2600 2666 2914 3017 3102 3215 3291 3457 3580 3687 3839 4017 4223 4401 4414 4815 4818 
111 161 521 661 1093 1134 1143 2422 2626 2711 2742 3035 3168 3445 3513 3747 3929 3971 4145 4157 
113 114 164 181 209 252 329 345 470 496 501 554 1025 1427 1434 1516 1541 1557 1627 1845 2142 2516 2560 2632 2749 2758 2781 2782 2798 3049 3209 3233 3333 3360 3361 3389 3673 3695 3811 3835 3870 3954 3957 4103 4234 4500 4571 4780 4942 
44 419 783 820 1214 1238 1264 1561 1639 1780 1851 1936 2031 2179 2194 2436 2468 2496 2625 2836 2982 3114 3227 3247 3461 3597 3662 3690 3715 4119 4131 4276 4327 4377 4387 4452 4614 4863 
8 145 581 595 732 1278 1287 1400 1505 1579 1978 2105 2252 2470 2809 2883 2903 2909 3225 3235 3341 3659 3712 3858 4054 4093 4149 4161 4420 4447 4451 4566 4681 4845 4883 
137 154 797 925 1004 1102 1329 1448 1584 1585 1586 1675 1896 1944 2183 2289 2357 2462 2549 2623 2641 2734 2764 2859 2925 3214 3272 3419 3443 3667 3898 3988 4264 4583 4700 4809 4937 4962 4986 
87 176 448 609 695 698 766 781 796 919 932 1020 1023 1741 1746 1993 2025 2127 2205 2210 2212 2458 2652 2688 2753 2777 2835 2938 2956 3036 3077 3219 3337 3398 3845 4042 4255 4258 4329 4333 4481 4772 4791 4887 4903 4984 
46 165 220 493 604 621 755 982 1226 1260 1339 1409 1623 2376 2407 2790 3013 3148 3744 3989 4071 4115 4190 4371 4415 4441 4462 4668 4678 4741 
127 236 287 314 543 1045 1502 1503 1878 1886 2400 2563 2647 2705 2791 3256 3343 3788 3884 3967 4033 4139 
720 876 894 971 1388 1407 1707 1743 1855 1947 2064 2152 2293 2421 2827 2960 2997 3162 3290 3658 3863 3982 4082 4410 
50 348 440 491 748 838 914 1074 1556 1795 1934 1942 2164 2415 2552 2785 2805 3061 3467 3559 3640 3753 3921 4151 4331 4372 
98 118 184 683 765 769 908 921 923 934 1073 1393 1628 1797 1919 2403 2428 2515 2521 2692 2913 3020 3309 3546 3557 3621 3691 3703 3916 3990 4125 4216 4233 4249 4406 4511 4900 4975 
78 123 159 174 266 542 567 631 853 944 989 1140 1148 1335 1366 1376 1555 1733 1792 1836 2005 2281 2319 2365 2569 2946 3032 3518 3567 3956 3959 4068 4097 4138 4170 4304 4455 4546 4648 4751 4901 
13 56 130 136 189 218 553 845 1701 2042 2412 2935 3374 3430 3498 3538 3575 3837 4196 4290 4347 4392 4487 4518 
103 307 392 1064 1156 1413 1611 1612 1629 2133 2239 2311 2388 2769 2812 3187 3229 3408 3615 3676 3867 3885 4019 4111 4381 
141 153 778 873 1190 1456 1703 1781 2181 2195 2224 2274 2424 2636 2659 2682 2811 3155 3516 4242 
7 71 557 701 842 972 1130 1207 1272 1331 1353 1512 1730 2095 2344 2355 2453 2694 2957 3023 3304 3560 3642 3807 3882 4094 4228 4240 4368 4374 4667 4797 4844 4854 4872 4892 4905 4915 4941 
202 232 424 508 538 598 1089 1332 1468 1547 1589 1693 2075 2159 2162 2253 2338 2483 2486 2489 2594 2628 2693 2842 2872 2911 3018 3146 3328 3380 3547 3556 3594 3636 3639 3728 3800 3859 3897 3922 3975 4303 4321 4355 4403 4836 4946 4978 4980 4997 
22 226 402 562 651 692 714 743 753 865 960 1031 1197 1313 1392 1394 1521 1522 1531 1655 1882 2280 2457 2543 2921 3318 3478 3522 3825 3994 3997 4252 4568 4647 4682 4688 4762 4852 
