247 279 332 366 466 762 839 859 938 989 1034 1077 1119 1338 1544 1559 1581 1594 1776 1874 1878 2115 2146 2268 2327 2435 2479 3309 3363 3628 3669 3973 4219 4267 4607 4631 4788 4801 4897 
32 215 242 441 644 985 1000 1018 1228 1407 1710 2020 2213 2474 2506 2721 2885 2981 3084 3209 3242 3317 3541 3587 3749 3832 4288 4545 4720 4943 4972 4982 
75 267 291 625 674 719 871 1285 1393 1646 1679 1895 2142 2148 2244 2379 2414 2489 2755 2764 2815 3044 3152 3210 3240 3277 3355 3414 3420 3426 3726 3739 4026 4056 4138 4283 4332 4376 4423 4438 4462 4578 4926 4974 
436 537 712 751 981 1181 1218 1290 1397 1833 1872 2004 2230 2893 2909 2991 3069 3186 3261 3337 3604 3609 3842 4513 4568 4703 4836 
187 347 467 517 527 565 699 817 913 963 965 1427 1551 1630 1656 1680 1806 2322 2454 2666 2858 3092 3397 3449 3514 3949 4322 4324 4345 4407 4864 4896 
73 115 201 489 592 807 936 958 1044 1248 1310 1423 1503 1611 2067 2417 2739 2796 2862 2992 3227 3374 3381 3450 3540 3660 3901 3991 4203 4229 4232 4348 4472 4737 
227 250 320 612 617 631 664 743 750 780 900 975 1024 1080 1203 1327 1357 1372 1373 1466 1498 1531 1871 1904 1955 1989 2140 2256 2307 2477 2592 2615 2730 2786 2835 2957 3129 3453 3721 3903 3982 4309 4398 4468 4521 4598 4662 4787 4917 
20 94 382 434 574 637 690 827 873 983 1260 1276 1319 1394 1404 1835 2156 2294 2339 2404 2460 2601 2651 2657 2831 2870 3024 3064 3649 3766 3785 3798 4031 4060 4537 4748 4753 4807 4872 4931 
294 604 680 772 901 972 1039 1095 1170 1442 1469 1573 1578 1703 1911 2428 2484 2534 2609 2634 2782 2961 3094 3098 3353 3358 3367 3459 3528 3666 3876 4196 4303 4304 4331 4563 4579 4582 4798 4816 4875 4914 4957 4983 
6 99 107 186 195 238 391 544 614 720 749 848 946 1051 1098 1111 1115 1171 1214 1333 1593 1673 1674 1834 1882 1968 2082 2412 2443 2628 2838 2933 2994 3120 3593 3639 3877 3947 3983 4037 4334 4497 
196 222 353 420 469 636 718 828 886 990 1211 1279 1280 1465 1483 1725 1828 1887 1956 2119 2129 2162 2401 2536 2659 2663 2702 2812 2825 2944 2971 3177 3206 3375 3380 3520 3722 3723 3925 4086 4150 4330 4396 4514 4762 4858 4900 4993 
78 273 414 433 588 599 825 1006 1061 1207 1316 1385 1403 1600 1681 1701 1948 2314 2531 2729 2923 2929 3030 3405 3408 3442 3494 3509 3552 3624 3700 4250 4268 4543 4547 4611 4685 4749 4814 4949 
164 169 282 657 668 697 698 730 999 1295 1454 1515 1617 1842 1924 1949 1977 2096 2285 2347 2388 2422 2467 2469 2712 2999 3079 3108 3138 3234 3295 3347 3549 3623 3631 3753 3803 3881 4311 4463 4534 4725 4731 4733 4869 4911 4959 4970 
852 1179 1188 1334 1625 1661 1791 1817 2133 2301 2365 2487 2511 2524 2589 2819 2892 2930 2937 3077 3326 3574 3762 3899 3939 4197 4201 4272 4741 4777 4794 4825 4855 
30 68 136 178 344 895 1112 1233 1376 1489 1579 1724 2159 2350 2552 2647 2974 3087 3115 3255 3312 3489 4062 4066 4164 4257 4344 4511 4698 4730 4735 4916 
630 944 1058 1133 1344 1520 1718 1736 1857 1933 2110 2503 2673 2767 2980 3398 3596 4121 4194 4248 4370 4405 4491 
190 204 249 1026 1087 1201 1286 1430 1504 2092 2104 2164 2326 2527 2551 2655 2671 2708 2860 2873 3201 3216 3218 3289 3308 3389 3413 3567 3664 3672 3673 3750 3775 3780 3924 4308 4699 4740 4747 4764 4766 4783 4891 4907 4966 4989 
351 583 598 724 986 1131 1158 1300 1475 1487 1893 1942 2014 2789 2963 3369 3894 4124 4130 4350 4400 4553 4791 
846 918 939 941 1045 1416 1511 1556 1574 1607 1608 1774 1847 1859 1979 2408 2462 2508 2736 2747 2801 3025 3078 3297 3496 3545 3897 4117 4152 4281 4354 4390 4481 4556 4576 4709 4769 4837 4884 
407 422 464 482 653 659 685 811 1294 1315 1517 1529 1541 1566 1571 1816 1995 2015 2083 2095 2100 2166 2258 2582 2881 2940 3391 3431 3451 3510 3586 3635 3927 4208 4716 4915 4927 4928 4987 
9 47 182 500 650 651 794 821 967 1120 1160 1205 1222 1497 1532 1586 1589 1846 1922 1928 2165 2172 2222 2237 2672 2792 2811 2922 3153 3167 3346 3382 3678 3975 4002 4046 4120 4457 4544 4546 4587 4806 4882 4998 
89 337 371 398 437 438 449 461 560 729 734 776 1016 1096 1099 1104 1127 1369 1549 1891 1940 2124 2204 2775 3058 3221 3273 3386 3481 3503 3537 3561 3895 4185 4363 4375 4528 4572 4613 4616 4686 
23 308 385 439 476 516 601 671 961 1005 1086 1101 1418 1490 1642 1694 2724 2823 2984 3007 3026 3139 3320 3362 3557 3640 3691 4073 4129 4245 4465 4922 
177 639 687 737 962 1382 1839 1840 2521 2633 2693 2697 2711 3018 3368 3435 3781 3804 4286 4570 
122 147 271 376 790 885 1001 1021 1052 1225 1281 1346 1366 1395 1738 1898 1918 1932 1978 2002 2084 2168 2293 2419 2653 2741 2751 3022 3134 3137 3252 3256 3352 3416 3642 3650 3823 4035 4047 4413 4510 4580 4643 4657 4702 4723 4771 4779 4904 
118 622 843 947 1251 1438 1458 1470 1525 1648 1727 1731 1785 1827 1931 1946 2075 2099 2353 2397 2499 2555 2575 2631 2692 2902 2970 3106 3110 3162 3197 3223 3401 3417 4075 4102 4190 4191 4312 4590 4669 4861 4925 4963 
12 24 138 621 792 836 1184 1250 1433 1450 1471 1637 1853 1883 1926 2806 3075 3127 3265 3535 3538 3613 3811 4095 4228 4458 4625 4865 4932 4980 
56 503 748 1303 1420 1754 2170 2382 2761 2802 2876 2908 3100 3207 3361 3396 3446 3713 3765 4091 4209 4214 4443 4551 4557 4701 4846 
13 83 460 485 887 932 980 1054 1209 1244 1265 1388 1572 1628 2144 2209 2362 2378 2674 2899 2903 2989 3262 3283 3373 3455 3849 4151 4482 4509 4529 4689 4746 4763 4859 
104 225 405 591 715 1198 1278 1455 1619 1666 1829 1875 2241 2836 3131 3172 3357 3376 3419 3504 3581 3855 3889 4141 4216 4323 4515 
27 156 435 701 740 1011 1110 1627 1734 1976 2205 2272 2288 2345 2391 2440 2691 3348 3544 3825 4052 4617 4642 4786 4800 
15 102 208 287 293 357 428 480 545 689 757 1008 1229 1706 1873 1886 1888 2036 2060 2187 2192 2234 2299 2370 2476 2558 2752 2772 2810 2897 2953 3166 3402 3476 3872 4200 4388 4452 4517 4585 4638 4785 4805 
64 121 135 512 556 585 586 691 694 778 917 1047 1247 1401 1514 1758 2086 2125 2291 2583 2814 3059 3158 3576 3625 3705 3740 3752 3789 3870 4016 4145 4181 4336 4383 4474 4504 4536 4591 4602 4656 4886 4969 
16 67 71 202 319 424 695 862 1100 1213 1307 1800 2250 2371 2769 2925 3145 3354 3415 3508 3654 3668 3711 4071 4108 4249 4315 4326 4430 4486 4603 4772 4776 4921 
162 170 194 269 358 363 374 486 635 799 845 1042 1238 1241 1399 1408 1502 1667 1705 2208 2367 2576 2704 3027 3199 3491 3515 3618 3685 3844 3851 3906 3992 4036 4041 4284 4561 
79 360 738 979 1173 1258 1474 1768 1981 2048 2197 2298 2737 2906 3019 3598 3821 3948 4014 4356 4518 4523 4564 4605 4690 4873 4955 
123 197 234 248 305 354 421 495 526 541 1296 1336 1410 1428 1461 1540 1635 1760 2041 2112 2185 2343 2394 2406 2420 2565 2686 2827 2859 2879 3032 3113 3267 3436 3742 3816 3972 4089 4325 4365 4386 4488 4640 4813 4908 4956 4964 
276 627 883 1521 1562 1640 1793 1919 2491 2699 2797 2964 3222 3282 3291 3684 3831 3868 3879 4367 4560 4658 4802 4848 
54 506 813 1554 2297 2302 2311 2529 2629 3208 3294 3421 3458 3945 3958 4081 4212 4256 4329 4475 4599 4604 
112 161 418 509 774 1287 1546 1798 1852 1916 2091 2620 2700 3099 3198 3351 3565 3686 3786 3869 4260 4274 4347 4460 4648 4851 
62 580 676 899 935 959 1010 1148 1267 1367 1452 1527 1811 1925 2042 2149 2177 2180 2373 2446 2532 2598 2709 2722 2920 3050 3089 3096 3118 3507 3606 3808 4023 4182 4207 4349 4360 4395 4666 4920 4968 
22 58 528 551 773 798 1477 1662 1677 1721 2012 2052 2160 2421 2746 2926 2934 3017 3033 3036 3174 3269 3424 3471 3620 3993 4093 4101 4243 4623 
26 377 416 879 1007 1342 1405 1762 1794 1799 1841 2139 2890 2995 3010 3045 3047 3124 3187 3523 3532 3592 3738 3779 3874 3943 3969 4064 4188 4467 4708 
21 219 453 561 706 810 1004 1123 1194 1360 1496 1819 2009 2093 2281 2324 2456 2638 3053 3321 3393 3687 3921 3961 4419 4850 4918 
119 160 336 474 660 861 956 1071 1128 1426 1622 2319 2530 2545 2547 2661 2828 2846 2949 3429 3506 3699 3888 4618 4645 
33 252 265 463 470 535 552 815 1259 1347 1355 1557 1775 2090 2126 2150 2300 2481 2818 2849 2913 2951 3278 3324 3432 3630 3882 3997 4024 4043 4156 4163 4259 4418 4668 4840 
106 167 278 455 504 521 575 783 841 870 881 912 1070 1138 1304 1311 1652 1670 1783 1856 1897 1965 1986 2494 2649 2685 2784 2843 2947 3001 3046 3173 3175 3183 3245 3379 3457 3547 3637 3675 3697 3746 3913 4335 4535 4799 4829 
80 130 149 240 458 518 540 781 829 1015 1359 1392 1749 1939 2064 2201 2202 2384 2405 2425 2562 2648 2798 2954 3217 3334 3590 3792 3848 3950 4039 4297 4307 4382 4399 4524 4684 4951 
38 46 256 334 478 553 763 1017 1134 1602 1616 1618 1746 1747 1881 1972 2193 2215 2310 2502 2599 2646 2679 2680 2726 2850 2878 2904 2936 2958 2982 3165 3226 3384 3905 3915 3963 4007 4368 4424 4559 4595 4609 4758 4782 4823 4995 
14 163 232 448 869 1113 1210 1212 1479 1485 1621 1750 1789 1868 1954 2264 2318 2344 2385 2458 2475 2817 2880 3041 3156 3193 3266 3302 3470 3479 3662 3720 3788 3828 3875 3935 3968 3996 4218 4252 4258 4265 4693 4727 4862 4912 4924 4935 
173 226 260 348 369 387 451 704 838 844 1028 1114 1189 1364 1615 1801 1855 1876 1974 1985 2155 2206 2273 2320 2348 2451 2608 2760 2921 3052 3170 3243 3288 3411 3542 3670 3794 3829 3920 4175 4270 4393 4796 4866 4893 4899 
246 431 519 605 610 791 854 878 909 1206 1484 1732 1837 2228 2358 2438 2441 2668 2771 3071 3469 3566 3708 3824 4097 4160 4601 4752 4818 4894 
40 44 388 686 954 1014 1125 1550 1585 1645 1958 1963 2309 2389 2626 2733 2952 3463 3724 4099 4484 4566 4586 4732 
165 341 350 747 1085 1161 1513 1660 2017 2088 3081 3403 3409 3603 3661 3701 3758 4055 4454 4459 4584 
386 429 492 977 1092 1164 1256 1264 1323 1459 1495 1980 2259 2359 2363 2393 2549 2683 2717 2931 2990 3038 3057 3133 3188 3196 3253 3281 3323 3495 3595 3636 3677 3980 3984 4057 4210 4255 4377 4493 4555 4619 4646 4712 4743 4878 4942 4981 
113 542 569 573 643 922 1075 1144 1232 1742 1905 2138 2161 2260 2286 3264 3553 3759 4098 4501 4664 
176 216 306 497 508 683 728 742 808 1117 1146 1269 1604 1657 1748 2074 2437 2464 2542 2865 2868 2943 2969 3016 3140 3146 3155 3378 3473 3556 3659 3763 3847 3866 3951 3957 3985 4003 4126 4221 4306 4469 4489 4756 4803 4839 4967 
34 310 356 596 602 920 987 1451 1480 1545 1690 1792 2025 2127 2472 2505 2595 2687 2720 2841 2945 3061 3377 3418 3516 3521 3860 3953 4008 4087 4352 4371 4421 4439 4679 4760 
81 85 367 394 432 945 1056 1289 1493 1606 1838 2153 2296 2328 2478 2718 2738 2924 2988 3135 3569 4058 4341 4503 4677 4909 
52 206 397 812 926 973 978 1137 1197 1500 1788 1862 1994 2040 2186 2211 2776 2822 3037 3195 3275 3304 3364 3448 3644 3718 3790 3834 3859 3896 3908 3911 4034 4106 4238 4247 4289 4653 4700 4996 
507 513 1082 1084 1157 1268 1764 1831 1937 2265 2554 2714 2805 2915 2938 2959 3280 3434 3475 3643 3890 4132 4449 
59 199 315 318 447 661 819 1022 1308 1340 1361 1512 1516 1889 1964 2270 2289 2304 2602 2612 2794 3003 3182 3327 3511 3546 3862 3885 4010 4030 4431 4464 4713 4717 4895 
7 17 233 266 538 969 995 1126 1174 1782 2054 2089 2184 2334 2877 2932 3072 3230 3735 4280 4358 4739 
127 302 404 425 703 739 760 997 1078 1273 1561 1849 1915 2266 2861 2968 2975 3159 3646 3712 3756 3800 3815 3846 3891 3988 4680 4797 4913 
74 793 855 880 942 964 1118 1196 1335 1413 1499 2000 2105 2195 2650 3031 3238 3887 3898 3944 4038 4426 
69 151 218 365 446 789 835 1152 1168 1246 1518 1565 1613 1644 1689 1698 1708 2077 2128 2135 2143 2254 2357 2742 2743 2756 2790 2808 2833 2866 2972 2976 3088 3236 3385 3729 3761 3807 3853 3989 4022 4159 4180 4412 4479 
2 84 554 646 1288 1555 1595 1729 2081 2354 2566 2568 2618 2662 2676 2875 2912 3119 3149 3518 3748 3886 4675 
212 254 322 682 711 727 814 874 1183 1534 1700 1707 1757 1913 2030 2167 2501 2517 2539 2864 2905 4027 4067 4084 4123 4205 4328 
49 145 189 372 658 769 837 856 1253 1553 1826 1896 2227 2504 2603 2656 2855 2874 2917 3020 3168 3258 3466 3676 3696 3709 3965 4193 4217 4461 4538 4757 4790 4876 
4 65 141 183 193 335 568 618 638 771 818 824 884 931 1036 1352 1523 1609 1815 1961 2003 2151 2158 2235 2383 2390 2510 2901 3014 3202 3314 3318 3349 3597 3791 3840 3883 4558 4775 4890 4898 
50 184 259 284 292 309 472 929 974 1437 1443 2396 2559 2627 2706 2753 2857 2907 3254 3817 3819 3990 4149 4173 4192 4262 4299 4317 4420 4450 4841 
101 132 144 207 362 427 633 1031 1178 1271 1274 1524 1632 1697 1923 2001 2120 2263 2444 2450 2518 2567 2622 2670 2735 2851 2977 3039 3076 3154 3303 3526 3719 3857 3867 3909 4105 4425 4445 4729 4854 4965 
677 714 753 765 872 928 948 1057 1151 1220 1391 1425 1570 1866 1952 2008 2056 2131 2306 2578 2584 2586 2768 2884 3112 3667 3690 3799 3835 3902 3904 3934 4074 4085 4113 4148 4204 4276 4410 4466 4507 4531 4540 4562 4683 4745 4845 4879 
48 262 295 370 491 620 797 831 1029 1030 1154 1787 2225 2238 2305 2381 2416 2447 2461 2563 2759 2845 2996 3307 3517 3530 3589 3837 4162 4444 4636 4707 4962 4977 
35 36 86 166 214 875 915 1012 1135 1185 1187 1356 1384 1441 1528 1535 1584 1752 1812 1945 2275 2452 2465 3060 3111 3241 3301 3499 3611 3926 4176 4231 4487 4506 4548 4552 4660 4663 4744 4853 4905 
297 326 546 767 850 896 1066 1116 1339 1476 2037 2175 2366 2572 2617 2667 3575 4287 4333 4441 4697 
98 171 410 529 563 572 593 1237 1552 1633 1728 1759 1814 1903 2049 2063 2338 2522 2587 2754 2781 2791 2900 3021 3085 3109 3179 3192 3225 3656 3714 3736 3954 3977 4011 4134 4142 4589 4784 4834 4946 
311 342 396 417 520 890 1041 1444 1563 1624 1626 1818 1910 1991 2078 2243 2280 2315 2497 2540 2740 2830 3015 3387 3498 3524 3734 4018 4020 4049 4070 4092 4116 4147 4153 4222 4293 4455 4711 4728 4780 4811 4833 4906 4971 
93 213 559 570 616 756 857 867 1033 1488 1577 1692 1957 2303 2433 2513 2525 3171 3461 3531 4427 4499 4554 4592 4761 4795 
87 411 532 609 864 984 1048 1362 1526 1908 2035 2214 2514 2553 2694 2898 2918 3034 3160 3445 3602 3818 4065 4109 4392 4433 4502 4629 4644 
111 150 203 338 955 976 1193 1468 1684 2295 2809 3102 3400 3962 4015 4082 4112 4263 4340 4379 
25 191 237 380 408 501 510 735 894 1043 1422 1456 1688 2507 2594 2613 2744 2960 3231 3627 3716 3907 4127 4408 4519 
51 158 241 786 865 951 1020 1083 1105 1350 1658 1809 1880 2044 2094 2122 2123 2249 2541 3125 4019 4137 4296 4300 4571 4655 4673 4984 
43 72 142 423 548 669 1003 1074 1262 1580 1773 1786 1832 1851 1984 2010 2029 2410 2495 2516 2607 3163 3257 3263 3305 3341 3472 3680 3910 3938 4199 4361 4456 4976 
96 125 288 384 412 534 606 1038 1406 1655 1722 1802 1821 1927 2006 2463 2765 3008 3239 3360 3483 3974 3987 4569 4810 4937 4958 
105 134 584 632 982 1103 1245 1402 1739 1962 2239 2355 2630 3214 3454 3751 3764 4063 4310 4429 4649 4750 
258 270 313 419 849 1040 1153 1234 1386 1400 1419 1592 1598 1686 1696 1901 2071 2101 2236 2436 2948 3049 3148 3249 3559 3600 3621 3648 3826 3917 4094 4169 4224 4374 4581 4820 4880 
60 146 277 327 666 770 1165 1298 1337 1810 2221 2277 2278 2316 2330 2332 2336 2533 2561 2967 3068 3070 3213 3286 3501 3681 4144 4471 4532 4754 4792 
31 179 285 564 679 898 1091 1145 1162 1180 1329 1587 1719 1753 1755 1797 1854 2058 2171 2274 2377 2430 2684 2758 2783 3056 3484 4061 4088 4103 4282 4478 4512 4583 4608 4687 4734 4843 4936 4990 
471 511 514 600 641 656 907 940 1094 1147 1150 1159 1172 1478 1505 1564 1726 1763 1944 1950 1966 2055 2070 2252 2457 2625 2703 2716 3012 3284 3293 3407 3619 3638 3747 3918 4096 4319 4355 4526 4527 4759 4835 4847 4902 4961 5000 
155 389 619 705 787 804 805 905 996 1142 1383 1492 1567 1599 1912 1959 2157 2411 2998 3306 3568 3580 3582 3783 3932 4240 4637 4738 4857 4903 4988 
77 97 109 137 399 401 498 549 615 868 916 930 1533 1743 1784 1914 2061 2169 2207 2255 2449 2471 2480 2550 2570 2632 2675 3006 3013 3123 3232 3333 3480 3502 3717 3727 3733 3755 3884 3942 4226 4696 4724 
224 459 522 530 667 761 775 847 1019 1204 1467 1659 1813 1869 1988 2212 2232 2308 2341 3189 3272 3331 3464 3930 3964 3976 4028 4083 4128 4206 4227 4235 4436 4520 4676 4804 4883 4889 4910 
152 231 442 576 777 784 988 1363 1672 1714 1735 1796 1909 2182 2325 2910 2941 3005 3062 3126 3430 3433 3801 3802 3836 4045 4380 4385 4473 4588 4615 4742 4831 
257 392 587 595 670 675 1107 1375 1389 1414 1431 1575 1591 1843 1906 2023 2079 2216 2218 2485 2515 2526 2543 2579 3095 3117 3157 3194 3290 3365 3558 3706 3730 3912 3971 4369 4985 
533 796 833 851 897 1027 1270 1463 1653 1823 2005 2072 2220 2387 2431 2445 2605 3319 3325 3614 3657 4172 4246 4298 4411 4447 4612 4691 4706 4954 
782 1068 1093 1177 1199 1230 1313 1530 1596 1777 1953 2062 2130 2145 2486 2748 2886 3522 3634 3922 
103 131 243 275 314 324 345 373 607 629 736 1050 1067 1076 1249 1305 1320 1325 1446 1449 1542 1664 1687 1756 1867 2038 2229 2413 2591 2914 3220 3224 3571 3813 3865 3931 3940 3979 4671 4755 4770 4856 
91 300 555 571 716 834 1064 1140 1261 1301 1331 1374 1432 1709 1850 2043 2059 2189 2219 2351 2360 2669 2678 2688 2713 2966 3028 3114 3460 3573 3682 3731 3787 3937 4040 4078 4195 4453 4541 4678 4726 4809 
18 76 92 263 304 330 468 487 842 860 950 1088 1381 1440 1885 1973 2271 2287 3055 3150 3564 3655 3767 4118 4136 4157 4639 
57 543 613 823 911 966 1167 1482 1590 1597 1668 1805 1900 2013 2190 2482 2509 2639 2664 2698 2707 2749 3185 3340 3372 3399 3425 3465 3754 4032 4100 4244 4870 
395 457 505 648 654 863 906 1009 1182 1240 1453 1481 1737 1824 1990 2226 2313 2333 2483 2600 2604 2919 3132 3219 3311 3395 3447 3488 3493 3500 3578 3588 3743 3838 3928 3933 4170 4353 4594 4692 4827 4948 4979 4999 
154 172 343 352 578 924 970 1023 1398 1409 1720 1858 1941 2024 2121 2163 2262 2323 2395 2453 2459 2581 2826 3009 3054 3128 3130 3190 3529 3607 3679 3692 3773 3861 3864 3900 3978 4021 4110 4168 4198 4213 4241 4337 4342 4533 4620 
45 381 444 477 611 717 1370 1601 1879 2050 2053 2134 2577 2588 2962 3040 3562 3737 3770 4053 4294 4722 
185 198 228 236 274 328 406 809 1079 1200 1272 1448 1603 1676 1766 1772 1861 1899 2027 2240 2335 2439 2442 2548 2593 2597 2644 2816 3164 3211 3339 3474 3594 3693 3929 4114 4154 4485 4628 
61 700 816 1053 1263 1306 1371 1583 1781 1987 2183 2573 2695 2965 2997 3268 3497 3533 3651 3695 4223 4242 4403 4470 4574 
114 153 174 312 678 709 710 1073 1255 1412 1803 1808 2196 2369 2455 2500 2619 2734 2745 2804 2889 3778 3806 4641 4789 4812 
349 383 426 494 597 608 696 707 741 914 943 1032 1121 1291 1892 1970 2022 2152 2191 2493 3004 3244 3674 3694 3776 3795 4048 4059 4069 4402 4409 4414 4417 4573 4659 4944 
200 264 594 723 806 889 952 1109 1186 1208 1354 1780 2046 2231 2340 2342 2813 2844 2887 2894 3063 3180 3487 3873 4004 4090 4291 4530 4597 4600 4765 4871 
63 95 359 415 662 1130 1195 1390 1610 1649 1723 2176 2380 2448 2788 3082 3091 3144 3329 3392 3626 3732 3810 3952 4187 4830 
129 133 192 355 452 550 673 726 733 923 994 1072 1163 1293 1368 1387 1460 2026 2033 2085 2246 2580 2677 2803 2869 3065 3090 3279 3298 3383 3394 3616 4220 4494 4596 4626 
229 413 684 766 840 893 991 992 1169 1284 1314 1650 1675 1860 1992 2147 2198 2276 2415 2645 3441 3641 3914 4404 4860 4888 4941 4945 
116 139 316 672 1141 1227 1257 1277 1643 1665 1894 1943 2028 2103 2400 2492 2546 2557 2763 2780 2842 3184 3191 3310 3335 3336 3438 3555 3725 3793 3822 3839 3893 3966 4111 4271 4339 4381 4476 4767 4808 
329 702 1486 1795 1844 1938 2066 2068 2080 2847 2896 2939 2956 3097 3527 3536 3554 3585 3994 4076 4437 4451 
42 175 440 531 745 779 826 830 1060 1132 1322 1411 1462 1558 1769 2018 2109 2136 2279 2290 2519 2719 3043 3074 3235 3350 3422 3490 3608 3715 4125 4211 4389 4577 4877 4938 
393 647 663 957 1155 1224 1236 1312 1317 1349 1435 1767 1804 1836 1920 2016 2057 2466 2728 2757 2824 2987 3083 3121 3688 3772 3812 4139 4264 4316 4440 4824 4844 
41 159 785 795 1013 1108 1330 1332 1380 1508 1539 1568 1620 1740 1971 1982 2284 2468 2682 3105 3276 3622 3671 3683 3878 3995 4000 4017 4366 4718 4950 
143 286 307 496 919 927 1097 1252 1548 1629 1636 2019 2087 2224 2257 3035 3371 3423 3444 3745 3986 3998 4610 4621 4634 4651 4704 
39 443 499 590 634 758 801 1081 1434 1623 1745 1967 1969 1999 2032 2045 2116 2173 2179 2321 2398 2496 2606 2725 2950 2979 2985 3390 3439 3462 3632 3710 3757 3850 3956 4483 4539 4868 4885 
168 188 235 296 484 1221 1242 1424 1445 1501 1713 1715 1751 2233 2247 2658 2829 2927 2942 3176 3359 3410 3663 3797 3919 4140 4225 4233 4550 4635 4978 
19 299 582 822 888 1275 1302 1439 1447 1582 1631 1693 1830 1884 2007 2374 2432 2640 2852 2854 2872 2911 2983 3029 3066 3107 3344 3366 3505 3534 3579 3583 3591 3601 3707 3923 4079 4131 4143 4184 4278 4320 4593 4665 4672 4778 4940 
110 445 488 652 731 732 755 1055 1129 1282 1519 1538 2269 2331 2523 2624 3204 3427 3428 3728 3784 3805 3852 4266 4285 4387 4397 4614 4674 4892 4986 
11 128 181 272 289 402 481 483 536 908 933 1324 1377 1547 1651 1663 1822 1870 1890 2261 2282 2356 2429 2652 2762 2773 2834 2839 2883 3051 3229 3313 3467 3814 4122 4318 4516 4705 
379 400 746 820 1065 1219 1266 1351 1506 1543 1691 1996 2242 2832 2973 3548 3703 4050 4178 4327 4432 4480 
108 281 465 473 891 1156 1191 1283 1712 1907 2076 2137 2253 2560 2571 2723 2732 3328 3343 3841 3863 3892 4161 4167 4215 4384 4496 4650 4695 4975 4997 
298 722 1025 1176 1343 1510 1605 1639 1641 1654 1669 1820 1997 2132 2178 2188 2223 2312 2427 2544 2635 2642 2777 2787 2821 2848 2928 2935 2986 3067 3212 3271 3345 3440 3477 3478 3633 3970 3999 4269 4313 4346 4652 4654 4821 4828 4939 
55 157 502 567 688 853 902 1122 1507 1685 1717 1807 1921 1960 2113 2407 2409 2590 3116 3356 3617 3658 3845 4115 4146 4234 4239 4261 4279 4357 4362 4477 4670 4852 4901 4994 
120 205 268 339 547 577 866 937 1002 1217 1254 1429 1917 1930 1947 2108 2217 2537 2614 2955 2978 3169 3203 3215 3237 3251 3338 3871 4012 4025 4490 4661 4773 4838 4947 4992 
5 364 403 993 1106 1436 1848 2426 2585 2701 2710 2731 2785 3250 3406 3539 3605 3665 4033 4080 
3 10 126 223 409 579 640 692 877 1136 1202 1297 1348 1378 1457 1473 2248 2349 2352 2611 2766 3048 3073 3093 3299 3330 3437 3468 3543 3572 3577 3615 3760 3771 3774 3960 4006 4155 4189 4338 4351 4372 4446 4567 4681 4849 4887 4930 4973 
28 117 209 280 346 525 539 628 708 744 876 968 1063 1192 1243 1309 1536 1683 1711 2011 2051 2520 2690 2871 3042 3103 3260 3388 3647 3796 3830 4158 4177 4302 4434 4667 4688 4819 
124 589 655 725 803 832 1049 1124 1321 1716 1730 1902 1935 2181 2200 2245 2337 2596 2610 2643 2793 2863 3080 3104 3181 3452 3456 4001 4251 4277 4321 4492 4647 4774 4815 
70 88 301 462 490 515 800 858 1328 1358 1494 1682 1695 1733 1929 2097 2535 2556 2779 3161 3259 3332 3370 3551 3612 3645 3936 4072 4166 4202 4391 4406 4495 4627 4736 4781 4874 4919 4929 
8 100 217 220 244 321 450 493 566 665 721 904 1231 1239 1341 1417 1560 1576 1638 1678 1863 2107 2118 2386 2402 2564 2623 2853 3122 3285 3485 3584 3599 3809 4068 4179 4236 4292 4435 4508 4606 4633 4714 4822 4863 4934 
66 221 331 340 788 882 1149 1379 1537 1612 1761 1845 1983 2021 2102 2141 2194 2210 2637 2840 2946 3512 3550 3827 4135 4373 4416 4525 4832 4991 
390 624 764 925 1035 1090 1190 1345 1396 1741 1790 2069 2283 2660 2705 2867 3002 3143 3513 3833 3856 4186 
29 562 642 681 998 1353 1491 1509 1699 1865 2423 2538 2569 2641 2778 2916 3247 3704 3769 4005 4077 4254 4290 4565 
148 211 454 649 754 903 1139 1166 2047 2065 2154 2418 2424 2470 2807 2891 3147 3178 3316 3560 3652 3744 3768 4009 4442 4710 
90 140 230 456 953 1089 1226 1292 1299 1522 1671 1704 1770 1771 1975 2073 2114 2490 2800 2993 3086 3322 3404 3412 3486 3563 3689 4107 4183 4230 4237 4295 4428 4624 4817 4952 4953 4960 
1 558 921 1223 1326 1744 1765 1779 2031 2098 2251 2267 2368 2372 2616 2654 2770 2795 2799 2820 2895 3101 3136 3200 3270 3300 3342 3443 3525 3629 3653 3858 3959 3967 4133 4343 4394 4422 4751 4768 4933 
53 239 303 325 430 479 693 713 759 768 1421 1702 1934 2361 2399 2528 2689 3151 3287 3777 4119 4364 4378 4401 
375 523 524 557 752 802 934 949 1175 1588 1614 1998 2715 3000 3141 3482 3519 3702 4029 4505 4542 4630 4826 4867 4881 
82 333 645 960 971 1464 1647 2174 2376 2512 2727 2774 2882 3854 3880 4042 4253 4359 4549 4694 
37 180 251 255 317 323 623 910 1143 1215 1634 1778 1825 1951 2034 2111 2364 2498 2621 2636 2856 3011 3142 3233 3274 3741 3916 3946 3955 3981 4013 4054 4165 4174 4273 4500 4632 4793 4842 
253 261 283 290 361 368 378 475 892 1046 1062 1216 1318 1569 1864 1936 1993 2039 2106 2199 2203 2317 2346 2375 2392 2403 2434 2473 2574 2665 2750 2837 2888 3248 3610 3698 3782 3843 4044 4104 4275 4415 4448 4498 4575 4622 4682 4715 4721 4923 
210 245 581 603 626 1037 1059 1069 1102 1235 1365 1415 1472 1877 2117 2292 2329 2488 2681 2696 3023 3205 3228 3246 3292 3296 3315 3492 3570 3820 3941 4051 4171 4301 4305 4314 4522 4719 
