0.25:0.880952 0.889438 0.887669 0.892794 0.883637 0.900760 0.923934 0.906952 0.919109 0.902837 
0.5:0.567931 0.572999 0.570747 0.576688 0.576905 0.580789 0.587836 0.586512 0.595783 0.579319 
0.1:0.936395 0.958319 0.939180 0.944388 0.952070 0.955531 0.969301 0.978826 0.980765 0.966107 
0.2:0.941598 0.935544 0.937960 0.939850 0.946098 0.943151 0.962626 0.961716 0.958634 0.958525 
0.55:0.541674 0.548228 0.554113 0.559741 0.554345 0.562996 0.576088 0.575517 0.582558 0.574192 
0.15:0.937922 0.943839 0.945053 0.950035 0.941684 0.957291 0.982881 0.968225 0.984794 0.974187 
0.3:0.884118 0.886639 0.893669 0.901770 0.885565 0.904314 0.913751 0.912833 0.909808 0.909245 
0.4:0.712644 0.701855 0.705029 0.719667 0.716914 0.716009 0.737466 0.742123 0.731758 0.723139 
0.45:0.655300 0.668642 0.668499 0.660132 0.661860 0.683243 0.694274 0.690300 0.691933 0.677960 
0.35:0.803025 0.806112 0.809131 0.817164 0.813662 0.813283 0.848724 0.837950 0.843475 0.824292 
