0.25:0.842948 0.856745 0.840857 0.844338 0.857792 0.865211 0.875267 0.882339 0.876521 0.871451 
0.5:0.587616 0.593831 0.584179 0.596525 0.582858 0.602267 0.624512 0.615554 0.615570 0.615408 
0.1:0.951158 0.961449 0.952380 0.954723 0.966386 0.967745 1.001580 0.989849 0.973490 0.978781 
0.2:0.898223 0.909256 0.906982 0.920843 0.920100 0.923750 0.945039 0.931055 0.924637 0.936857 
0.55:0.562667 0.560924 0.569891 0.564020 0.564051 0.583818 0.593947 0.594734 0.584533 0.585956 
0.15:0.959499 0.950096 0.966458 0.956637 0.963670 0.973476 1.002036 0.992527 0.992080 0.974700 
0.3:0.854379 0.851863 0.837453 0.843979 0.848481 0.863755 0.882430 0.867550 0.865158 0.876954 
0.4:0.647834 0.660973 0.656342 0.667636 0.660330 0.667168 0.682985 0.691271 0.679106 0.676191 
0.45:0.617157 0.618876 0.621645 0.627713 0.611841 0.636781 0.655479 0.642733 0.633194 0.640957 
0.35:0.777086 0.779122 0.785471 0.781122 0.780674 0.784766 0.816313 0.796328 0.808652 0.808469 
