0.25:0.887149 0.892242 0.904013 0.902649 0.898149 0.908690 0.918266 0.933234 0.925451 0.930640 
0.5:0.595826 0.595811 0.586973 0.592009 0.596736 0.603076 0.624026 0.628298 0.621600 0.626975 
0.1:0.970298 0.970767 0.980702 0.976219 0.981624 0.987992 1.000000 0.997701 0.999063 0.995288
0.2:0.932722 0.933823 0.943966 0.938394 0.936085 0.945549 0.961634 0.969839 0.973743 0.959410 
0.55:0.513591 0.518419 0.513747 0.522039 0.518948 0.529951 0.538332 0.559753 0.557344 0.551388 
0.15:0.966796 0.970978 0.978199 0.979224 0.985029 0.997733 0.999625 0.999999 1.000000 1.000000
0.3:0.894319 0.892293 0.889889 0.904433 0.903265 0.910416 0.926801 0.926820 0.920324 0.931210 
0.4:0.707396 0.711537 0.716339 0.721857 0.711407 0.716673 0.745111 0.749757 0.730534 0.741429 
0.45:0.647988 0.652256 0.652135 0.657207 0.641105 0.659422 0.666242 0.674933 0.669524 0.672957 
0.35:0.844716 0.851528 0.846308 0.852570 0.852932 0.865746 0.882361 0.886930 0.887622 0.865556 
