0.25:0.843361 0.839576 0.840874 0.858889 0.851872 0.864864 0.873187 0.874414 0.870283 0.864064 
0.5:0.584597 0.591822 0.581547 0.589669 0.582709 0.602519 0.622168 0.621643 0.611696 0.612312 
0.1:0.962517 0.956912 0.966059 0.964399 0.963683 0.970297 0.996482 0.994448 0.984786 0.973970 
0.2:0.908928 0.908296 0.900147 0.914879 0.909491 0.929026 0.936956 0.944362 0.928034 0.940941 
0.55:0.569094 0.573232 0.565282 0.565710 0.560865 0.577457 0.604623 0.604434 0.594023 0.589245 
0.15:0.960133 0.968850 0.965427 0.972207 0.960493 0.973303 1.002277 0.983957 0.994617 0.973881 
0.3:0.844134 0.850521 0.841490 0.859517 0.842436 0.855023 0.881081 0.888641 0.881561 0.879278 
0.4:0.657541 0.663513 0.658274 0.668895 0.661173 0.667021 0.693162 0.700546 0.679211 0.681300 
0.45:0.604935 0.619217 0.607593 0.626268 0.619585 0.632757 0.661384 0.656502 0.651792 0.647323 
0.35:0.770597 0.784174 0.783712 0.776155 0.788282 0.793704 0.817442 0.820447 0.800203 0.806631 
