222 251 442 553 649 932 1279 1659 1689 1695 1730 1911 2107 2222 2351 2430 2576 2681 2777 3030 3370 3427 3433 3458 3725 3808 3977 3989 4264 4446 4517 4580 4708 4769 4786 4852 4866 4922 4945 
42 47 75 112 297 362 374 532 654 667 708 760 1299 1319 1344 1464 1524 1670 1749 1820 2454 2508 2848 2977 2982 3349 3464 3866 4044 4051 4065 4546 
163 1112 1174 1203 1257 1263 1297 1310 1352 1430 1523 1544 1613 1618 1640 1669 1959 2117 2271 2317 2406 2630 2867 2898 3023 3133 3167 3424 3455 3597 3840 3874 3890 4151 4244 4265 4541 4646 4672 4745 4762 4781 4950 4990 
72 171 389 868 1089 1116 1200 1468 1733 1975 2004 2042 2063 2100 2417 2486 2775 2813 3145 3178 3180 3188 3274 3385 3976 4086 4152 
39 149 547 558 616 777 808 884 1016 1059 1123 1240 1380 1507 1633 2008 2010 2066 2200 2240 2395 2667 3096 3222 3235 3281 3320 3576 3724 3893 4047 4337 
16 68 400 409 435 461 483 658 677 782 826 922 1161 1193 1388 1582 1593 1679 2108 2160 2387 2447 2780 2791 3343 3860 4131 4291 4344 4435 4733 4747 4784 4827 
25 27 101 110 192 210 241 289 430 459 473 624 680 742 836 972 1074 1189 1370 1612 1952 2005 2734 2797 2961 3059 3087 3138 3323 3327 3389 3395 3473 3543 3551 3556 3803 3822 3956 3966 4024 4355 4404 4561 4710 4751 4853 4890 4949 
120 140 382 385 546 1108 1196 1439 1734 1776 1817 1892 1906 1935 2071 2297 2349 2488 2661 2665 2772 2842 3137 3240 3258 3735 4018 4177 4392 4424 4498 4507 4554 4556 4716 4721 4799 4809 4844 4987 
370 540 655 1036 1226 1421 1604 1855 1872 1905 1947 1980 2150 2216 2291 2325 2514 2567 2672 2691 2727 2812 2928 3051 3223 3259 3326 3765 3777 3896 4209 4236 4348 4475 4511 4520 4555 4645 4840 4859 4881 4935 4980 4991 
147 258 467 631 702 787 933 992 1120 1178 1304 1452 1483 1517 2086 2313 2336 2343 2436 2464 2487 2498 2899 2901 2998 3140 3382 3627 3696 3717 3823 3927 4260 4431 4588 4623 4631 4830 4833 4888 4985 4986 
13 92 95 274 360 859 945 1028 1047 1096 1127 1216 1272 1539 1555 1606 1668 1884 2034 2073 2092 2095 2183 2205 2208 2592 2648 2745 2934 3386 3403 3446 3554 3558 3605 3784 3857 3861 4028 4140 4366 4388 4461 4495 4515 4576 4614 4930 
85 698 1023 1044 1475 1488 1546 1599 1650 1707 1782 1799 1829 1922 2000 2002 2188 2425 2759 2790 2878 2954 3260 3439 3734 3929 4068 4071 4238 4255 4455 4501 4586 4714 4798 4813 4829 4836 4879 4914 
100 167 179 253 272 610 712 815 1004 1038 1153 1602 1639 1699 1806 2041 2057 2253 2363 2456 2463 2565 2703 2960 3082 3118 3151 3187 3294 3419 3456 3470 3647 3804 3847 4193 4289 4324 4547 4611 4677 4795 4815 4821 4923 4947 4966 4978 
252 270 573 621 839 977 1353 1364 1569 1854 2128 2311 2323 2391 2461 2590 2641 2645 3077 3153 3193 3200 3325 3434 3721 3758 3933 4165 4199 4206 4290 4615 4726 
84 102 107 351 704 721 727 756 1218 1438 1454 1693 1697 1888 1977 2101 2529 3004 3148 3174 3310 3322 3500 3587 3670 3719 4144 4195 4321 4426 4687 4779 
145 231 307 593 705 998 1773 1816 1833 2166 2210 2289 2344 2535 2561 2634 2909 3519 3535 3594 3710 3712 4004 
175 474 783 934 1080 1107 1159 1212 1561 1592 1706 1748 1781 1813 2110 2320 2364 2483 2521 2633 2879 2896 2953 3048 3141 3204 3249 3527 3610 3636 3979 4154 4368 4399 4523 4542 4620 4666 4724 4755 4756 4761 4838 4851 4897 4972 
57 195 277 410 423 482 497 524 539 805 1340 1481 1534 1723 1850 1868 2241 2758 2964 3031 3352 3726 3983 
204 245 444 633 754 899 929 952 966 1051 1113 1130 1158 1440 1553 1627 1786 1945 1967 2161 2288 2299 2342 2478 2610 2755 2830 2880 2915 3057 3121 3146 3160 3583 3705 3903 4249 4505 4820 
111 152 207 427 439 636 790 995 1017 1048 1087 1221 1422 1497 2158 2225 2585 2721 2802 2962 3129 3230 3526 3754 3767 3843 3935 3968 4102 4198 4251 4256 4267 4395 4451 4790 4911 4918 4970 
22 73 218 220 431 543 630 656 779 1318 1535 1620 1638 1835 1908 1912 1976 2130 2228 2243 2294 2442 2543 2556 2599 2644 2762 2911 2975 3224 3247 3401 3430 3806 4240 4429 4433 4524 4635 4789 4872 4905 4938 4998 
129 190 259 325 367 688 1258 1472 1525 1575 1726 1753 1865 2024 2044 2139 2211 2428 2467 2624 2824 2905 3101 3103 3155 3393 3417 3763 3886 4123 4157 4180 4269 4302 4489 4699 4778 4894 4899 4933 4973 
304 1354 1365 1368 1492 1617 1913 1972 2098 2151 2367 2407 2579 2643 2722 2942 3297 3406 3516 3702 3781 3859 3913 3947 4226 4319 4364 4390 4595 4603 4722 4760 
326 394 411 500 578 660 695 861 910 951 1480 1614 1731 2626 2687 3314 3414 3496 3939 4134 
64 82 302 303 479 527 632 928 960 1202 1215 1236 1251 1275 1426 1746 2045 2137 2295 2369 2396 2452 2460 2839 2908 3022 3117 3211 3251 3272 3295 3498 3555 3572 3651 3694 3744 3827 4315 4490 4492 4599 4674 4723 4802 4807 4936 4992 4993 
295 316 537 785 804 820 834 905 912 993 1008 1032 1050 1147 1259 1419 1479 1530 1556 1622 1858 2040 2568 2623 2653 2708 2778 3356 3397 3435 3571 3780 3797 4178 4179 4239 4268 4373 4437 4610 4665 4837 4960 4967 
123 290 396 678 769 935 1015 1387 1433 1461 1568 1724 1732 1794 2026 2055 2119 2124 2298 2341 2434 2437 2484 2726 2732 2949 3056 3540 4512 4644 
264 475 542 548 994 1166 1175 1177 1302 1332 1491 1636 1660 1878 2138 2531 2924 3007 3227 3450 3683 3810 3815 3950 3999 4254 4570 
30 109 162 205 214 248 463 605 806 1199 1217 1565 1946 2181 2189 2231 2468 2689 2761 2973 3305 3415 3532 3642 3895 3917 3931 3991 4052 4166 4250 4282 4540 4545 4780 
54 117 169 489 571 634 775 871 902 1188 1213 1505 1745 1887 2043 2326 2409 2435 2614 2844 3169 3299 3766 3796 4023 4070 4299 
156 294 589 596 796 865 1312 1379 1467 1528 1533 1756 2149 2392 2524 2574 2636 2649 2817 2841 3380 3523 3863 4288 4354 
77 106 397 414 446 612 625 909 914 1014 1265 1580 1584 1625 1844 1964 2064 2259 2360 2604 2654 2673 2696 2744 2794 2939 3010 3014 3418 3579 3638 3814 3967 3996 4183 4196 4412 4598 4744 4759 4774 4831 4857 
330 345 519 765 821 1254 1296 1411 1487 1498 1526 1552 1642 1739 1788 2179 2235 2252 2451 2530 2562 2639 2862 2966 3131 3199 3203 3220 3291 3506 3577 3619 3829 3838 3882 4040 4076 4287 4367 4381 4444 4630 4944 
79 332 491 644 657 701 757 845 878 1414 1567 1719 1805 2094 2141 2213 2376 2381 2951 3483 3494 3665 3722 3789 3824 3836 3980 4303 4345 4579 4605 4768 4788 4791 
40 238 505 755 1139 1167 1198 1245 1264 1287 1326 1409 1649 1725 2256 2327 2411 2448 2523 2581 2651 2946 3063 3079 3273 3471 3477 3776 3889 3891 4275 4406 4591 4682 4845 4870 4901 
97 240 434 515 594 892 1233 1277 1327 1363 1800 1900 1979 2033 2145 2303 2408 2583 2974 3457 3739 3756 3877 3879 4001 4162 4538 
91 322 436 438 617 709 746 1018 1100 1104 1643 1686 2164 2480 2711 2720 2757 2850 2863 2875 2894 2932 3032 3411 3508 3607 3812 3841 3924 3936 4015 4030 4045 4181 4262 4277 4335 4527 4533 4544 4564 4608 4662 4867 4868 4884 4974 
208 310 529 534 1268 1378 1399 1442 1635 1998 2051 2319 2324 2328 2337 2340 2475 2638 3136 3364 3521 3757 3906 4107 
60 341 956 1030 1078 1157 1362 1458 1493 1500 1790 1919 2097 2393 2742 2835 3315 3436 3487 3880 3941 4189 
528 635 853 1179 1394 1540 1545 1742 2080 2276 2956 3070 3093 3105 3163 3181 3233 3358 3359 3463 3528 3807 3914 3981 4171 4356 
20 28 629 847 857 978 1086 1223 1242 1295 1329 1398 1429 1532 1666 1925 1988 2019 2198 2236 2629 2793 2886 2892 3074 3186 3307 3396 3412 3484 3970 4053 4172 4272 4296 4470 4506 4513 4625 4707 4800 
198 255 984 991 1001 1024 1041 1548 1573 1896 1927 2085 2112 2676 2927 3157 3311 3340 3379 3631 3949 3982 4005 4020 4127 4252 4393 4405 4496 4584 
43 196 263 292 429 858 1081 1214 1243 1345 1485 1662 1866 1914 1968 2372 2482 2549 2664 2922 2933 3060 3361 3501 3666 4176 4284 4357 4557 4578 4717 
170 275 1560 1594 1630 1941 2195 2502 2680 2737 2832 2985 3034 3279 3378 3478 3504 3561 3798 3864 3919 3952 4106 4114 4340 4402 4473 
74 469 552 682 762 827 959 1052 1173 1518 1549 1651 1808 1869 1929 2353 2427 2465 2474 2723 2800 3317 3369 3894 4401 
188 343 418 450 495 530 609 673 813 1037 1253 1471 1607 2039 2072 2133 2536 2714 2768 3156 3212 3354 3371 3377 3474 3736 3801 3826 4093 4100 4173 4210 4212 4383 4384 4893 
282 388 559 562 584 662 684 728 731 789 793 807 850 1009 1125 1330 1441 1557 1717 1867 1937 1949 2020 2237 2527 2537 2840 3024 3110 3127 3135 3198 3372 3852 4099 4139 4358 4445 4686 4741 4812 4814 4862 4869 4934 4964 4977 
168 733 774 809 881 940 1013 1067 1143 1155 1270 1282 1628 1735 1777 1827 1860 1969 2171 2175 2432 2617 2712 2871 2936 3177 3429 3850 3962 4022 4420 4466 4494 4749 4765 4850 4929 4957 
5 452 618 710 771 835 963 1205 1248 1322 1531 1736 1825 1953 2023 2335 2347 2414 2422 2473 2540 2550 2566 2914 3027 3244 3350 3505 3548 3550 3639 3648 3855 4042 4280 4385 4624 4673 4785 4828 4886 4896 4908 4913 4926 4995 4996 
26 150 321 348 404 579 681 689 823 828 860 870 1062 1190 1209 1415 1615 1631 1632 1667 1743 1809 2060 2270 2390 2420 2445 2449 2546 2753 2950 3094 3232 3239 3669 3742 3799 4217 4450 4493 4609 4640 4705 4719 4808 4864 4916 4940 
49 81 254 513 550 792 802 949 1054 1057 1064 1230 1331 1462 1751 1785 1985 2013 2148 2196 2439 2505 2728 2870 3033 3076 3113 3184 3277 3601 3690 3737 3741 3753 3973 4063 4148 4168 4440 4508 4528 4664 4670 4715 4748 4876 
143 155 178 260 509 567 606 900 985 1033 1211 1417 2120 2167 2169 2485 2597 2751 3039 3081 3172 3189 3336 3461 3662 3664 3817 4067 4074 4235 
674 784 803 817 943 1566 1637 1839 2006 2293 2589 2851 2895 3058 3120 3159 3480 3514 3954 3960 4060 4191 4343 4452 
287 376 590 602 659 706 831 855 866 950 1095 1206 1229 1339 2383 2789 2826 2910 2995 3088 3925 
88 203 381 383 392 445 554 781 1138 1424 1432 1436 1443 1446 1494 1506 1537 1803 1819 2069 2104 2155 2421 2658 2818 2897 2918 2921 2965 2976 3122 3124 3237 3261 3667 3682 3706 4055 4143 4342 4387 4633 4639 4655 4688 4691 4883 4982 
447 518 700 874 1342 1652 1883 2076 2090 2412 2551 2837 2866 2994 3557 3613 3697 3751 3940 4110 4192 
144 273 408 433 486 1088 1149 1152 1171 1271 1278 1285 1303 1360 1377 1465 1678 1694 2394 2429 2462 2509 2770 2796 2803 2864 3043 3054 3064 3134 3625 3714 3853 3995 4113 4160 4234 4305 4347 4467 4689 4742 4860 4880 4909 4946 4965 
38 159 225 281 342 456 607 898 930 1234 1307 1308 1358 1605 1644 1688 1801 1870 1926 2239 2318 2621 2767 2788 2808 2882 2959 3175 3213 3408 3688 3842 3944 4597 4736 4839 
153 193 377 735 753 893 907 1357 1623 1626 1831 1956 2082 2152 2204 2399 2577 2889 2968 3116 3453 3493 3858 3892 3971 4378 
67 215 405 441 481 942 944 1021 1146 1294 1315 1347 1383 1410 1702 1750 1821 1838 1847 1899 2056 2142 2178 2242 2250 2263 2301 2379 3075 3254 3462 4103 4300 4379 4516 4589 4678 4927 4954 4959 
8 331 587 1135 1184 1292 1401 1611 1621 1656 1755 1843 2220 2274 2356 2701 2926 3111 3282 3600 3942 4057 4215 
76 311 313 356 498 520 894 946 965 1115 1232 1280 1653 1933 2079 2403 2528 2601 2616 2686 2822 3041 3080 3115 3283 3491 3657 3691 3833 3887 4035 4281 4503 4743 4818 
37 176 361 421 523 743 964 1000 1053 1283 1591 1684 2009 2207 2538 3019 3067 3306 3360 3443 3644 3728 
36 51 154 177 211 219 407 653 1063 1239 1288 1759 1802 1815 2029 2081 2201 2622 2833 2941 2983 3202 3231 3288 3641 3653 3856 3930 4463 
90 812 829 917 1316 1361 1371 1597 1701 1793 2121 2582 2827 2997 2999 3549 3629 3782 3908 3957 4202 4365 
61 230 364 368 490 511 614 666 670 685 693 795 904 1020 1056 1463 1482 1521 1718 1893 1916 2007 2049 2159 2214 2267 2619 2930 2984 3162 3165 3264 3276 3384 3400 3743 3773 4271 4294 4310 4331 4339 4375 4794 4969 
32 104 283 468 536 598 647 908 913 986 1225 2542 2600 2748 2783 2919 3021 3321 3871 4089 4241 4304 4332 
200 318 561 848 903 1060 1260 1563 1757 1797 1920 2059 2332 2544 2710 3020 3065 3069 3097 3108 3582 3611 3634 3778 4245 4581 4594 
62 148 464 466 477 603 1068 1237 1250 1372 1385 1778 1796 1814 1965 2186 2588 2690 2771 2836 2854 3132 3242 3440 3537 3671 3686 3720 3788 4184 4207 4233 4434 4472 
48 125 172 413 664 665 854 883 1194 1289 1301 1460 1840 1921 1936 1957 2018 2061 2587 2650 2716 2739 2786 2907 2980 3263 3375 3533 3668 3672 3681 3687 3821 4006 4092 4436 4550 4551 4565 4882 4976 
89 597 876 877 889 901 925 1090 1168 1313 1434 1450 2022 2163 2218 2251 2603 2912 2989 2996 3052 3286 3312 3809 3902 3963 4059 4219 4417 4626 4659 
11 15 136 235 293 337 347 563 841 967 1007 1055 1191 1393 1453 1459 1576 1674 1676 1882 1944 2036 2162 2273 2296 2694 2776 2785 2811 2834 2913 3090 3208 3284 3620 3787 3923 4519 4575 4706 4806 4952 
212 291 419 628 895 1027 1111 1132 1247 1384 1474 1570 1574 1608 1654 1711 1716 1876 2156 2199 2245 2248 2275 2306 2365 2787 2831 2990 3267 3366 3402 3529 3616 3655 3928 4056 4246 4270 4317 4334 4361 4391 4497 4574 4782 4924 4961 4963 
2 135 391 535 575 747 875 971 1045 1058 1510 1536 1647 1951 1955 2221 2307 2606 2652 3128 3176 3449 3520 3545 3663 3723 3746 3775 3818 3849 4031 4372 4793 4835 
126 336 355 403 555 751 1092 1195 1238 1369 1502 1928 1961 2135 2157 2246 2402 2740 2784 3150 3225 3296 3313 3598 3602 3645 3650 3661 3674 3845 4359 4480 4509 4521 4695 4767 4773 4796 4900 4925 4955 
221 301 544 767 1026 1151 1305 1578 1709 2262 2315 2572 2677 2738 2865 3217 3293 3407 3541 3592 3685 
21 50 132 257 566 608 615 619 768 1103 1172 1222 1391 1495 1769 1789 1970 2096 2265 2359 2469 2525 2683 2685 2725 2773 2874 3123 3581 3589 3630 3652 3986 4155 4169 4458 4647 4650 4676 4958 4983 
45 63 78 460 570 642 648 872 970 1122 1136 1328 1416 1543 1585 1603 1741 1886 1923 1989 2084 2177 2517 2986 3013 3114 3143 3290 3302 3460 3490 3750 3869 3958 4038 4120 4135 4149 4350 4534 4539 4669 4728 4737 4885 
406 533 650 737 750 810 851 919 938 1192 1309 1834 1993 2180 2193 2426 2519 2741 2821 3029 3335 3595 3748 3978 4126 4397 
284 296 1084 1335 1673 1783 1901 1903 1930 2358 2609 2628 2828 3109 3219 3255 3271 3337 3413 3608 3715 3837 4075 4088 4146 4170 4318 4479 4532 
549 763 856 891 1281 1390 1437 2048 2244 2268 2501 2596 2719 2810 3006 3144 3182 3752 4007 4054 
223 1220 1616 1672 1713 1934 1996 2314 2441 2499 2564 2923 3044 3280 3289 3445 3482 3591 3617 3770 3987 4097 4133 4187 4353 
194 375 713 725 764 843 1042 1079 1276 1646 1828 1891 2074 2300 2345 2823 3405 3552 3590 3699 3802 3910 4077 4153 4230 4330 4351 4486 
96 224 354 569 637 798 879 957 968 1261 1267 1499 1519 1690 1703 1765 1994 2380 2389 2453 2457 2692 2702 2948 3328 3351 3510 3760 4221 4377 4548 4681 4690 4727 
114 173 772 1083 1183 1359 1374 1392 1486 1680 1704 1879 1917 1950 2481 2515 2943 2958 2970 3164 3262 3875 3878 3926 3985 4159 4286 
591 696 729 961 1003 1317 1542 1720 1747 1761 1822 1973 2413 2513 2620 3246 3383 3538 3599 3884 4036 4360 
139 165 339 577 613 668 724 1231 1293 1447 1513 1665 1696 1775 1859 1873 2054 2206 2384 2443 2491 2547 2670 3194 3381 3955 3994 4009 4043 4098 4374 4389 4476 4616 4654 4720 4895 
300 440 454 525 574 711 833 936 1201 1246 1425 1849 1851 1910 2647 2993 3441 3624 3649 3700 3816 3862 4002 4261 4409 4430 4571 4590 4694 4738 4754 
65 161 338 386 568 726 1005 1133 1420 1503 1587 1918 1938 1940 2185 2310 2333 2495 2507 2612 2666 2779 3085 3215 3300 3606 3819 3915 3965 4027 4048 4231 4346 4468 4559 4602 4703 4875 4887 4979 
121 202 323 496 507 545 780 822 840 1040 1522 1551 1710 1770 2249 2308 2321 2355 2370 2724 2754 2846 2858 3049 3092 3179 3207 3832 3854 3883 3921 3969 3992 4058 4190 4220 4362 4477 4607 4617 4729 4855 4891 4917 4951 4975 5000 
35 267 639 703 896 1065 1336 1663 1798 1807 1958 2001 2025 2089 2224 2532 2607 2713 3012 3018 3332 3539 3618 3659 3835 3916 4311 4423 4535 4601 4660 
128 187 395 412 679 939 1207 1291 1598 1641 1691 1692 1729 1811 1889 2114 2309 2423 2637 2660 2675 2706 2969 2988 3073 3265 3338 3437 3448 3711 4017 4224 4259 4487 4504 4514 4549 4563 4709 4817 4824 4878 4942 
53 93 380 384 514 719 915 1010 1034 1321 1397 1589 1837 1861 1974 2035 2154 2279 2608 2764 2814 3139 3205 3301 3522 3575 3805 3888 3909 4046 4214 4273 4314 4419 4464 4637 4783 4792 4834 
373 465 503 506 512 641 732 1097 1381 1586 1671 1774 1885 1954 1999 2046 2378 2431 2857 2938 3104 3112 3192 3423 3692 3755 3790 3945 4363 4427 4582 4734 4771 
86 124 305 346 492 720 844 1164 1176 1286 1448 1550 1595 1754 1763 1810 1880 2078 2226 2284 2397 2605 2849 3000 3047 3152 3507 3762 3898 3918 3920 4091 4223 4371 4693 4823 4889 
142 191 309 999 1375 1413 1624 1766 1795 2109 2586 2598 2602 2890 2893 3011 3091 3309 3324 3488 3779 4037 4082 4156 4309 4380 4398 4453 4629 4643 
24 71 420 697 794 862 958 996 1118 1128 1601 1862 2088 2873 3078 3333 3442 4013 4108 4136 
14 122 556 564 592 740 776 786 816 1527 1648 1685 1877 2031 2087 2147 2350 2489 2569 2570 2684 2698 2730 2856 2952 3003 3318 3562 3870 3881 3998 4021 4283 4400 4488 4566 4585 4735 4843 4847 4919 4948 
209 228 229 462 501 504 979 1019 1061 1072 1140 1210 1273 1470 1683 1737 1791 1897 2027 2028 2539 2656 2695 2868 3518 3738 3834 3839 3848 3990 4061 4117 4121 4408 4478 4510 4593 4668 4718 4810 4858 4988 
157 279 298 358 690 717 752 1324 1712 2075 2106 2219 2348 2731 2747 3341 3512 3640 3749 4194 4232 4263 4276 4297 4413 4568 4577 
133 424 470 788 954 1025 1165 1235 1366 1367 1395 1431 1514 1708 1771 2127 2168 2282 2400 2806 3046 3191 3236 3485 3729 3786 4029 4050 4421 4425 4651 4787 4805 
213 242 476 595 832 1006 1076 1134 1320 1698 1760 1787 1864 1966 2011 2105 2116 2366 2388 2446 2632 2717 2750 2756 2798 2935 2991 3086 3195 3257 3530 3745 3747 3959 4012 4049 4062 4352 4500 4567 4642 4701 4994 4999 
6 94 113 197 233 365 417 451 640 692 837 1185 1610 1661 1792 1812 1842 1875 1943 1981 1997 2050 2143 2170 2286 2795 2843 2877 3062 3171 3304 3391 3422 3675 4010 4132 4573 4649 4683 4696 4704 4770 4825 4854 4910 4937 4962 
180 236 484 586 611 672 924 983 1022 1408 2290 2405 2847 3068 3329 3363 3596 3764 4090 4201 4227 4253 
521 522 557 582 627 669 973 1073 1400 1473 1764 1780 1915 1960 2361 2477 2593 2671 2774 2815 2819 2829 2887 3015 3285 3316 3451 3499 3718 3846 4003 4096 4460 4587 4592 4680 4700 4775 4932 
19 379 422 531 1110 1162 1181 1457 1609 1721 1853 1924 2385 2522 2534 2678 3344 3425 3466 3704 3731 4034 4109 4225 4295 
115 443 604 622 867 887 1154 1182 1705 1758 2014 2227 2232 2278 3038 3099 3206 3394 3524 4000 4025 4186 4200 4213 4341 4370 
401 683 699 723 842 989 1069 1102 1455 1490 1559 1619 1784 1836 1898 1990 2062 2099 2126 2146 2331 2674 2705 2752 3410 3428 3761 3867 3872 4164 4175 4292 4323 4819 4861 4898 
7 246 329 976 1085 1099 1121 1145 1476 1484 1722 2021 2334 2471 2591 2594 2679 2838 3346 3553 3785 3793 3813 3972 4083 4174 4197 4203 4298 4418 4657 4764 
23 87 261 415 499 671 739 1314 1445 1564 1987 2255 2258 2339 2459 2492 2627 2699 2845 3218 3709 4229 4326 4462 4481 4531 
83 118 130 146 182 314 526 797 911 923 947 1105 1180 1204 1728 1852 2134 2173 2416 2472 2494 2553 2669 2688 2816 2891 3221 3374 3388 3398 3476 3560 3609 3911 3938 4449 
46 580 730 748 988 1114 1224 1349 1435 1881 2165 2233 2266 2450 2595 2736 2792 3035 3268 3292 3621 3673 3707 4069 4094 4119 4600 4619 
458 541 676 1098 1262 1406 1501 1554 1583 1600 1645 1681 1744 1874 2144 2153 2304 2455 2533 2635 2805 2884 3173 3228 3241 3334 3567 3678 3732 4072 4080 4161 4396 4536 4606 4652 4667 4685 4712 4873 4941 
516 741 778 926 1131 1489 1496 1572 1846 2053 2103 2209 2247 2272 2375 2398 2476 2493 2769 2872 2945 3438 
116 160 308 352 453 472 588 819 1091 1311 1350 1402 1818 1902 2187 2292 2368 2503 2512 2682 2799 2940 3100 3509 3695 3831 3953 4033 4073 4185 4274 4415 4456 4457 4612 4772 
227 759 849 1066 1169 1266 1348 1405 1444 1538 2174 2264 2302 2330 2338 2506 2573 2715 2781 2981 3009 3071 3214 3248 3409 4008 4228 4320 4376 4484 4530 4560 4776 
4 80 319 344 576 651 1046 1049 1109 1404 1478 1588 2424 2500 2558 2625 2700 2807 2825 2861 2937 3053 3431 3628 3876 3934 4141 4205 4394 4502 4621 
31 249 306 927 1039 1356 2065 2136 2184 2415 2906 3130 3142 3586 3623 3828 3964 3997 4032 4122 4208 4307 4316 4410 4474 4553 4569 
52 317 371 387 426 449 478 565 643 863 882 916 975 1208 1249 1343 1509 1581 1848 1978 2140 2362 2662 2853 2916 3050 3072 3503 3568 3635 4248 4293 4407 4485 4537 4803 4848 4902 4931 
59 134 266 333 480 493 691 1451 1516 1904 2038 2058 2129 2203 2929 2971 3025 3095 3119 3197 3298 3447 3564 3588 3656 3708 4041 4079 4454 4572 4618 
206 243 269 369 398 508 583 661 791 825 1077 1137 1325 1407 1469 1655 1664 1740 1939 2093 2280 2312 2458 2642 2697 2733 2749 2920 2992 3005 3432 3459 3511 3580 3693 3698 4167 4308 4414 4439 4529 4648 4730 4757 4826 4953 4984 
34 108 166 265 299 315 921 1252 1520 1658 2091 2229 2234 2410 2438 2931 3066 3158 3190 3269 3330 3357 3475 3733 4116 4243 4247 4525 4613 4746 4758 
141 357 675 734 906 953 955 1035 1075 1126 1163 1274 1558 1579 1992 2176 2269 2354 2466 2479 2580 2760 2801 3045 3055 3270 3469 3593 3873 4112 4218 4222 4482 4636 4698 4849 4877 4906 
184 402 686 694 818 1029 1170 1337 1373 1845 1895 1909 1948 2115 2316 2510 2518 2541 3243 3660 3844 4129 
33 131 186 201 250 457 736 811 1012 1082 1942 2017 2192 2257 2401 2955 2963 3026 3028 3102 3161 3209 3467 3486 3546 3565 3772 3800 3984 4469 4604 
105 217 244 286 393 488 646 744 830 937 941 1106 1119 1142 1156 1255 1323 1511 1832 2305 2729 2987 3001 3008 3107 3154 3399 3536 3574 3684 3740 3791 3897 3946 4325 4329 4386 4438 4596 4679 4732 4753 4763 4863 4892 4981 4989 
517 716 869 931 987 1403 1418 1428 1596 1675 1682 2190 2554 2578 2615 2663 2766 2888 2947 3017 3061 3376 3390 3513 3646 3689 3783 3795 3825 4064 4084 4237 4634 4766 4797 4811 
18 98 239 327 448 494 962 1241 1334 1427 1577 1962 2260 2418 2559 2693 2869 2902 2957 3042 3245 3253 3275 3367 3368 3454 3534 3542 3993 4026 4327 4328 4471 4518 4562 4692 
17 66 158 189 378 1094 1300 1529 1856 1982 2285 2709 2972 3170 3566 3569 3633 3899 3961 4147 
3 29 41 164 232 268 288 334 620 715 838 897 1186 1187 1227 1244 1284 1412 1423 1562 1779 1830 1907 2113 2374 2419 2545 3106 3183 3210 3234 3452 3525 3622 3677 3730 3768 3868 3922 3988 4313 4552 4663 4842 4856 4874 4915 4921 4956 
12 70 328 335 359 390 800 1228 1269 1449 2077 2132 2202 2404 2444 2497 2520 2555 2782 3303 3348 3387 3426 3531 3904 3932 3948 3951 4137 4145 4242 4258 4312 4428 4583 4675 4871 4912 
174 247 280 372 510 846 880 888 981 1117 1141 1351 1386 1629 2197 2560 2563 2584 2763 3016 3185 3420 3421 3492 3515 3585 3615 4081 4095 4125 4128 4257 4483 4543 4750 
9 137 183 185 256 428 432 437 572 626 873 1101 1338 1657 1714 1804 1963 2261 2277 2283 2618 2881 2900 2903 3083 3166 3308 3444 3502 3573 4443 4448 4671 4725 4801 4832 4846 4939 4968 
138 455 638 707 918 948 1070 1219 1382 1508 1590 1634 1715 1768 1824 1826 1871 1971 2111 2281 2657 2885 3036 3347 3355 3495 3578 3679 3713 3759 3774 3901 3907 4124 4130 4163 4336 4338 4349 4638 4656 4661 4739 4841 4920 4971 
320 766 852 1129 1148 1389 1991 2067 2217 2552 2571 2967 3098 3125 3266 3373 3479 3544 3830 4014 4087 4278 4322 4422 4459 4491 4526 4558 4697 4731 
103 324 551 601 645 652 663 714 745 749 1355 1504 2215 2287 2322 2373 2613 3319 3632 3811 3820 4066 
353 982 1700 1772 2037 2102 2238 2352 2382 2548 2611 2820 2855 3089 3331 3559 3570 3658 3703 3769 4016 4101 4211 4403 
1 312 487 502 560 758 773 814 1160 1333 1571 1863 2015 2194 2223 2371 2440 2470 2526 2852 2859 2860 3256 3563 3727 3975 
58 600 718 824 1144 1547 1762 2230 2707 2765 3126 3196 3342 3345 3468 3584 3637 3794 3905 3937 3943 4085 4104 4111 4158 4216 4285 4301 4306 4411 4465 4653 4702 4713 4740 4777 4865 4903 
55 425 538 585 599 801 1515 1752 1857 1894 1984 1995 2083 2122 2377 2511 2640 2646 2735 2743 2876 2979 3084 3149 3201 3226 3238 3392 3416 3517 3604 3771 3885 4118 4150 4441 4499 4752 4816 4907 4928 
119 366 722 974 990 1043 1093 1376 1456 1841 1983 2172 2329 2433 2557 2668 2746 3147 3481 3489 3701 3900 4382 4432 
69 181 363 687 886 1031 1298 1346 1767 2068 2182 2212 2575 2718 2925 3002 3250 3287 3404 3465 3612 3626 4078 4188 4266 
226 262 276 278 738 770 890 969 1002 1197 1341 2030 2118 2125 2254 2804 2904 3168 3716 4011 
99 199 237 271 349 799 1306 1466 1512 1677 1823 2003 2012 2016 2032 2070 2123 2357 2490 2631 2655 2704 2809 2978 3037 3040 3680 3974 4105 4115 4142 4182 4279 4369 4447 4628 4641 4711 4822 
56 151 234 340 350 399 485 581 623 761 864 885 920 980 1011 1071 1124 1290 1477 1541 1687 1727 1931 1986 2131 2191 2346 2496 2504 2516 2659 2883 2917 3216 3229 3252 3278 3339 3353 3362 3497 3614 3643 3851 4039 4138 4333 4522 4632 4997 
10 44 127 216 285 416 471 997 1150 1256 1396 1738 1890 1932 2047 2052 2386 2944 3365 3472 3547 3603 3654 3676 3792 3865 3912 4019 4204 4416 4442 4622 4627 4658 4684 4804 4904 4943 
