72 104 179 225 275 401 416 605 643 879 1010 1013 1023 1062 1166 1273 1416 1429 1492 1500 1504 1561 1831 2200 2605 2733 2976 3352 3439 3602 3918 4122 4355 4529 4559 4582 4677 4741 4816 
65 143 149 798 817 903 1003 1039 1135 1218 1452 1566 1641 1842 2068 2071 2109 2145 2243 2278 2287 2719 2795 3045 3164 3248 3399 3880 4072 4405 4782 4826 
23 99 206 299 392 411 600 826 832 867 1108 1159 1174 1194 1251 1392 1595 1802 1995 2264 2435 2478 2699 2737 2866 3029 3195 3321 3453 3667 3731 3903 3923 3994 4091 4409 4546 4588 4690 4730 4732 4825 4959 4973 
8 136 332 523 524 1079 1270 1306 1727 1760 1778 1782 1969 2163 2386 2695 2942 3026 3046 3119 3590 3739 4044 4318 4401 4415 4717 
181 534 695 708 791 865 1140 1171 1219 1558 1884 1892 1921 1956 2143 2168 2317 2368 2736 2848 2922 2989 3274 3573 3582 3621 3658 3819 4124 4347 4506 4851 
307 733 1112 1291 1294 1391 1470 1550 1740 1799 1810 1867 2058 2064 2097 2115 2225 2427 2588 2602 2815 3004 3375 3482 3524 3556 3858 3955 3972 4040 4060 4384 4624 4893 
14 67 68 175 288 408 642 821 946 1151 1676 1684 1696 1715 2083 2091 2139 2324 2411 2509 2635 2640 2789 2937 2958 2977 3012 3148 3166 3191 3404 3445 3684 3792 3847 3871 3948 4147 4248 4280 4460 4481 4577 4639 4734 4777 4842 4876 4904 
126 456 533 588 739 895 925 928 998 1195 1250 1617 1780 1871 1932 2066 2073 2193 2222 2341 2511 2853 2880 3011 3085 3240 3431 3449 3523 3975 3983 4110 4125 4283 4335 4543 4737 4787 4864 4922 
222 246 348 508 549 782 978 1417 1459 1669 1693 1701 1949 2184 2282 2548 2569 2634 2693 2873 2998 3273 3328 3330 3351 3362 3410 3421 3459 3641 3882 3977 4071 4168 4192 4207 4297 4408 4496 4562 4592 4771 4899 4986 
223 231 388 705 931 962 1050 1061 1131 1226 1229 1252 1409 1444 1474 1531 1601 1809 1824 1832 2490 2710 2755 2794 2802 2840 3031 3174 3197 3312 3517 3796 3941 4034 4658 4659 4699 4715 4757 4817 4902 4932 
34 113 220 230 270 277 303 467 561 579 974 1134 1200 1293 1387 1448 1629 1743 1857 1926 2010 2067 2246 2268 2301 2433 2599 2763 3162 3210 3221 3779 3937 3979 4036 4129 4276 4323 4348 4484 4508 4517 4641 4718 4909 4950 4967 4993 
26 248 445 502 538 565 623 649 988 1005 1116 1138 1460 1632 1635 1817 2004 2048 2120 2187 2265 2358 2431 2469 2516 2530 2632 2633 3014 3149 3323 3386 3639 3967 4364 4603 4612 4857 4858 4964 
29 167 497 503 536 632 680 702 717 747 802 871 1019 1207 1366 1528 1662 1680 1695 1705 1855 2100 2300 2348 2349 2666 2704 2888 2895 2987 3033 3107 3180 3334 3413 3892 3942 4231 4357 4424 4542 4594 4597 4686 4738 4827 4949 4953 
165 337 965 1063 1100 1220 1261 1304 1318 1343 1382 1407 1616 1945 2182 2297 2494 2790 2851 2852 2962 3205 3263 3456 3560 3870 3886 4047 4350 4356 4476 4692 4766 
59 253 415 765 989 1111 1206 1329 1336 1440 1667 1688 1957 2275 2414 2499 2563 2572 3086 3126 3311 3315 3373 3536 4005 4049 4170 4213 4378 4527 4722 4838 
52 494 823 1014 1594 1598 1806 1933 2090 2104 2380 2466 2785 2995 3211 3575 3633 3777 3783 3966 4259 4327 4342 
83 133 254 511 518 731 951 953 1052 1085 1353 1479 1505 1526 1972 2116 2219 2276 2293 2303 2705 3095 3134 3171 3265 3267 3316 3324 3465 3605 3713 3786 3820 3862 4018 4199 4271 4296 4426 4630 4751 4870 4926 4943 4982 4989 
22 100 214 293 362 396 412 447 1060 1214 1549 1562 1603 2092 2305 2485 2779 3019 3285 3415 3802 3881 4053 
77 152 413 440 539 611 721 1008 1073 1461 1534 2038 2146 2181 2231 2239 2319 2355 2571 2796 2982 3156 3157 3235 3237 3254 3406 3438 3555 3804 3829 4058 4251 4407 4414 4487 4538 4740 4961 
176 202 257 278 326 376 571 718 794 825 1118 1231 1576 1625 1665 1674 1679 1721 2179 2520 2667 2980 3094 3384 3427 3531 3558 3709 3855 3876 3883 4159 4366 4379 4404 4528 4551 4735 4813 
196 281 325 349 378 489 906 915 1024 1265 1360 1421 1706 1775 1950 1991 2042 2351 2456 2714 2926 2947 3079 3154 3251 3264 3270 3310 3348 3443 3529 3618 3981 4088 4202 4216 4343 4673 4762 4784 4847 4856 4952 4998 
141 354 394 478 547 694 729 833 862 917 1025 1028 1682 1916 1928 1962 2084 2130 2333 2384 2473 2512 2749 2803 2924 2943 3115 3137 3143 3268 3613 3741 4016 4063 4076 4128 4291 4515 4688 4874 4884 
74 272 369 745 954 1274 1296 1575 1813 2199 2393 2876 2999 3021 3170 3233 3340 3543 3592 3625 3737 3785 3790 4084 4153 4358 4507 4520 4666 4711 4721 4881 
160 226 554 590 591 1188 1340 1362 1374 1612 1908 1914 2405 2508 2918 3129 3364 3654 3703 4162 
80 97 428 519 567 603 644 799 1066 1259 1309 1348 1510 1587 1646 1872 1925 1934 2110 2149 2158 2209 2286 2477 2597 2642 2711 2810 2860 3028 3075 3165 3238 3454 3457 3725 3801 3818 3833 3927 4183 4334 4345 4396 4634 4767 4822 4898 4924 
345 436 517 613 684 828 888 969 1181 1302 1364 1509 1663 1698 1849 2260 2334 2580 2631 2643 2668 2713 2723 2748 2948 2959 2971 3230 3342 3559 3568 3640 3729 3770 3775 3789 4033 4037 4226 4254 4555 4815 4888 4994 
62 195 280 869 1169 1262 1327 1463 1525 1651 1730 1783 1794 1800 2131 2212 2302 2310 2551 2603 2829 3128 3185 3636 3761 3950 4041 4316 4610 4855 
155 205 234 356 384 405 483 581 665 927 1069 1124 1197 1300 1678 1897 1919 2320 2439 3132 3232 3309 3599 3632 3861 4094 4744 
95 487 493 777 792 971 1020 1708 1710 1975 2063 2123 2532 2539 2549 2608 2613 2687 2979 3055 3234 3367 3432 3742 3897 3905 3932 4118 4206 4540 4727 4745 4764 4789 4848 
121 984 985 1002 1467 1581 1999 2443 2445 2590 2675 2686 2707 3246 3255 3697 3707 3763 3856 3893 4260 4317 4412 4436 4465 4499 4650 
51 173 310 1044 1109 1478 2395 2453 2697 2894 2984 3049 3102 3225 3474 3717 3846 3902 4024 4131 4363 4381 4406 4609 4667 
87 452 470 512 526 769 848 853 947 1064 1233 1377 1454 1744 1838 2220 2397 2513 2651 2679 2934 3022 3053 3145 3259 3305 3327 3346 3365 3395 3486 3501 3527 3705 3956 4126 4181 4463 4489 4618 4781 4829 4885 
94 124 444 520 629 749 757 876 1011 1067 1144 1210 1228 1390 1398 1433 1654 1781 1819 1879 2241 2309 2523 2879 3124 3308 3368 3391 3394 3402 3533 3577 3745 3954 4001 4028 4233 4428 4439 4502 4522 4645 4889 
365 469 654 836 866 1045 1070 1272 1319 1645 1774 1874 1996 2032 2206 2387 2684 2724 3051 3092 3286 3513 3570 3604 3619 3656 3828 3860 3910 4010 4142 4157 4427 4687 
30 79 106 232 423 471 475 531 542 587 784 942 1279 1289 1660 1709 1712 1736 1858 2430 2455 2472 2656 2864 3025 3081 3252 3360 3502 3735 3760 4017 4185 4684 4867 4956 4987 
163 189 580 636 847 1248 1254 1354 1432 1484 1570 1868 2195 3040 3261 3469 3766 3991 4258 4268 4332 4365 4423 4469 4632 4702 4736 
54 118 238 239 258 336 460 626 647 829 938 1033 1376 1395 1449 1465 1856 2019 2257 2369 2504 2552 2831 2874 2961 3037 3077 3089 3160 3302 3389 3429 3547 3616 3671 3706 3746 4144 4152 4204 4312 4319 4385 4429 4563 4604 4614 
31 583 700 933 945 949 1263 1644 2189 2418 2898 3144 3288 3318 3409 3425 3580 3970 4105 4184 4310 4525 4585 4653 
43 633 689 722 793 810 1237 1577 1822 1834 2394 2502 2565 2646 2907 2911 3109 3799 3873 4096 4176 4182 
190 500 837 877 904 993 1178 1518 1767 1965 2281 2339 2649 2701 2896 2902 3015 3242 3260 3294 3780 4419 4448 4545 4600 4642 
78 86 213 347 608 742 1012 1059 1099 1163 1441 1451 1480 1544 1840 1922 2052 2087 2197 2315 2497 2560 2806 2834 2836 2923 3253 3306 3647 3685 3773 3788 4215 4218 4250 4467 4564 4785 4895 4908 4928 
289 341 374 516 541 652 864 902 1103 1258 1854 1918 2000 2094 2103 2170 2291 2459 3052 3176 3201 3884 3959 3992 4111 4410 4492 4518 4561 4758 
229 339 527 818 843 845 979 1126 1202 1247 1280 1332 1493 1739 2153 2658 2725 3336 3913 3995 4006 4069 4270 4400 4549 4647 4662 4672 4696 4812 4819 
73 296 507 663 751 816 1102 1338 1607 1816 1873 2056 2420 2587 2904 2965 3374 3467 3503 3576 3583 4116 4180 4208 4298 4308 4494 
256 351 431 442 535 582 980 1016 1597 1749 1785 1902 1910 1952 1960 1961 2365 2424 2665 2683 2747 2869 3326 4086 4552 
218 789 1084 1113 1260 1405 1530 1600 1690 1733 1976 2105 2215 2250 2340 2501 2534 2715 2783 2797 2944 2966 3035 3222 3228 3461 3476 3750 3837 4186 4511 4593 4633 4720 4774 4919 
21 216 350 368 711 801 1091 1092 1232 1446 1666 1763 1768 1771 1843 1920 2039 2156 2180 2233 2406 2612 2760 2867 3023 3072 3113 3153 3229 3628 3642 3690 3793 3811 3816 3827 3986 4054 4156 4246 4267 4761 4794 4846 4918 4936 4981 
69 555 824 841 959 1056 1089 1093 1394 1567 1814 1907 2162 2216 2273 2329 2343 2344 2492 2950 3001 3485 3494 3852 3997 4119 4121 4165 4337 4512 4523 4544 4599 4706 4754 4779 4891 4965 
135 197 215 264 377 616 619 660 703 858 957 1098 1255 1532 1551 1602 1748 1905 2132 2135 2173 2296 2528 2771 2892 2994 3059 3064 3120 3125 3436 3665 3834 3839 3848 3916 4064 4114 4227 4443 4716 4725 4743 4804 4814 4925 4996 
5 55 66 151 263 334 383 474 562 568 601 883 1015 1308 1367 1579 1638 1741 1876 2017 2118 2150 2292 2326 2410 2412 2426 2452 2458 2629 3006 3433 3500 3519 3622 3661 3698 3716 3724 3933 3965 4107 4171 4286 4422 4572 4638 4832 
71 250 390 482 564 683 732 804 908 995 1154 1204 1257 1359 1631 1880 1982 2036 2141 2159 2279 2338 2432 2776 2816 2997 3167 3190 3212 3216 3339 3477 3491 3567 3600 3627 3669 4081 4374 4455 4569 4629 4694 4703 4719 4809 
185 320 491 522 830 1049 1095 1196 1400 1511 1764 1877 1931 2224 2259 2285 2377 2475 2518 2536 2788 2814 3020 3262 3463 3798 3850 3989 4513 4660 
58 267 429 441 458 752 1077 1082 1486 1508 1692 1732 1966 2053 2692 2889 2900 2908 3158 3400 3922 4262 4354 4479 
105 292 366 514 790 973 1058 1245 1527 1604 1875 2533 2663 2957 3417 3637 3718 4012 4212 4303 4393 
180 198 282 301 313 439 521 574 584 596 693 743 855 861 880 905 923 1155 1397 1456 1582 1722 1735 1757 1818 2088 2202 2506 2576 2818 2859 3371 3596 3813 3865 4261 4282 4330 4352 4372 4375 4440 4441 4497 4608 4852 4879 4980 
266 939 1017 1633 1681 1886 1891 2061 2385 2647 2650 2752 3344 3412 3643 3759 3985 4011 4059 4295 4432 
116 122 221 279 355 357 449 546 607 975 1051 1143 1158 1358 1375 1384 1427 1755 1795 1828 1985 2154 2261 2422 2574 2659 2767 2773 3044 3192 3473 3652 3857 3953 4002 4179 4189 4344 4452 4626 4643 4646 4731 4775 4778 4944 4972 
40 47 298 443 656 1007 1083 1104 1209 1297 1711 1847 1851 1990 2402 2654 2673 2681 2730 2837 3097 3141 3245 3247 3430 3471 3769 3944 3969 4082 4223 4255 4390 4613 4678 4958 
172 242 640 1322 1455 1936 2024 2030 2085 2102 2167 2240 2378 2521 2992 3018 3032 3135 3551 3747 3939 4278 4339 4504 4635 4654 
115 385 427 437 473 569 779 807 912 968 1123 1491 1501 1672 1821 2204 2421 2425 2653 2812 2841 2856 2910 3104 3151 3188 3498 3514 3767 3782 3809 4130 4194 4505 4548 4611 4620 4710 4753 4938 
353 462 682 697 878 1473 1707 1984 2125 2178 2541 2721 3088 3208 3405 3504 3666 3692 3810 4123 4133 4172 4583 
186 212 333 577 854 889 1047 1106 1147 1408 1516 1560 1584 1901 2049 2050 2134 2496 2703 2727 2778 2883 2917 2932 3123 3220 3307 3496 3674 3872 3960 4075 4447 4500 4773 
41 61 359 402 424 457 679 778 850 1141 1303 1742 2009 2095 2350 2361 2955 3036 3441 3973 4205 4485 
1 102 504 952 1090 1314 1411 1426 1915 2099 2106 2169 2359 2441 2566 2890 3084 3142 3277 3379 3712 3755 4089 4292 4328 4368 4395 4579 4701 
309 434 620 1404 1468 1538 1700 1752 1935 1937 1998 2037 2244 2335 2524 2868 3390 3515 3845 4109 4222 4266 
24 42 273 480 698 741 755 868 1101 1249 1307 1614 1731 1964 2065 2081 2093 2122 2360 2457 2615 2761 2787 2988 3063 3069 3130 3136 3281 3337 3507 3508 3509 3764 3774 3807 3808 3822 3963 4140 4225 4640 4772 4837 4906 
33 304 358 589 806 891 966 1436 1734 2210 2562 2843 3168 3196 3695 3781 3812 3885 4000 4178 4211 4234 4449 
90 98 138 287 558 744 926 937 961 1268 1539 1630 1766 1792 1954 2270 2416 2554 2575 2657 3070 3668 3754 3943 3978 3993 4750 
35 101 237 398 468 628 662 712 766 901 1281 1292 1305 1585 1953 2234 2288 2304 2327 2545 2722 2928 3396 3638 4057 4151 4175 4193 4210 4265 4402 4800 4931 4957 
25 219 305 714 1120 1164 1482 1541 1555 1615 1718 1750 1820 2057 2283 2366 2589 2709 2839 3065 3111 3183 3231 3290 3372 3593 3608 3726 3920 4008 4146 4249 4462 4554 4580 4606 4685 4748 4791 4841 4970 
201 397 530 622 688 713 808 994 1139 1149 1341 1923 1978 2277 2507 2610 2870 2906 3024 3226 3363 3455 3617 3825 3947 4139 4377 4383 4425 4605 4733 
27 386 477 563 597 873 1004 1150 1157 1180 1208 1310 1499 1745 1765 1788 1863 2006 2086 2191 2316 2428 2690 2718 2775 2973 3108 3112 3532 3549 3571 3623 3655 3878 4031 4067 4164 4228 4299 4574 4828 4974 
120 311 324 373 495 763 872 1075 1330 1572 1580 1593 1664 1825 1917 2015 2026 2194 2330 2345 2346 2413 2417 2564 2592 2604 2625 2793 3000 3276 3317 3419 3566 3611 3714 3719 4238 4369 4371 4387 4421 4450 4589 4683 4712 4823 4839 4988 
12 162 367 706 740 849 899 910 941 986 1055 1160 1620 1772 1865 2228 2357 2434 2644 2655 2691 2807 2849 2936 3067 3424 3800 3835 3854 3887 4097 4285 4752 4930 
268 329 451 466 720 760 881 1068 1240 1442 1521 1611 1626 1758 1784 1913 2235 2308 2354 2522 2768 2820 2905 2921 2930 3042 3082 3572 3653 3935 3957 4132 4253 4264 4277 4305 4519 4556 4810 4821 4896 
140 156 168 634 819 1347 1351 1543 1653 2263 2323 2389 2878 2968 3009 3074 3146 3540 3699 3776 4435 
461 678 750 1119 1246 1320 1378 1443 1466 1589 1699 1746 1801 1807 1980 2008 2034 2211 2217 2249 2328 2546 2735 2938 3105 3140 3199 3236 3484 3538 3552 3603 3998 4127 4163 4547 4550 4655 4907 4910 4954 
111 344 409 435 838 911 1172 1225 1379 1423 1583 1599 1789 1983 2232 2372 2567 2616 2638 2680 2756 2925 2939 3159 3198 3213 3416 3520 3723 3757 3772 3930 3964 4099 4143 4273 4537 4565 4664 4670 4674 4723 4788 4914 4923 
37 192 340 707 919 972 1086 1691 1942 2214 2226 2255 2531 2741 2759 3206 3407 3478 3645 3648 3686 3732 3806 3911 4104 4704 
375 486 699 758 964 1037 1156 1221 1283 1457 1507 1657 1702 1703 2253 2652 2954 3005 3096 3150 3392 3397 3758 3830 4087 4141 4247 4361 4768 
32 117 576 676 724 803 1321 1869 2029 2033 2370 2505 2671 2702 3209 3447 3672 4190 4200 4263 
233 421 484 506 545 787 955 997 1324 1403 1438 1523 1716 2046 2517 3219 3298 3403 3917 4007 4026 4029 4145 4269 4325 
103 194 306 361 404 570 595 882 890 932 1201 1383 1951 2573 2636 2799 3027 3116 3325 3866 3928 4020 4039 4177 4326 4493 4503 4714 
127 371 505 551 675 796 863 967 1145 1148 1264 1412 1697 1882 2082 2379 2627 2678 2881 3106 3292 3332 3537 3659 3805 4046 4224 4434 4453 4584 4591 4615 4799 4940 
19 28 131 831 886 936 1345 1363 1671 1812 2060 2124 2138 2482 2857 2863 2946 3047 3451 3511 4015 4287 4294 4403 4539 4601 4663 
200 284 430 723 1410 1422 1836 2096 2155 2437 2448 3090 3181 3297 3343 3383 3480 3512 3890 4155 4230 4399 
63 211 241 446 455 730 887 897 1053 1253 1339 1571 1613 1895 1955 1981 2022 2114 2585 2817 2972 3080 3241 3414 3534 3817 3951 3958 3990 4027 4101 4136 4482 4709 4871 4917 4933 
9 139 210 244 346 433 992 1035 1513 1887 2055 2112 2258 2262 2451 2601 2901 2953 2975 3114 3564 3778 3900 3952 4217 4477 4480 4534 4656 4729 4786 
171 291 496 566 716 839 1038 1041 1142 1190 1295 1431 1447 1494 1751 2201 2271 2583 2661 2766 2842 2893 3293 3481 3711 3851 3853 3867 4045 4073 4241 4293 4324 4478 4587 4894 4912 4945 4951 4991 
46 81 331 400 650 715 835 1182 1198 1476 1496 1578 1729 1811 1924 1992 2020 2023 2126 2147 2171 2213 2290 2486 2557 2685 2805 2847 2872 2897 2920 2964 3193 3366 3493 3620 3974 4301 4532 4535 4557 4749 4755 4880 4920 4966 5000 
109 269 509 548 615 738 846 983 1030 1107 1269 1282 1471 1588 1591 1830 2133 2364 2716 2835 2882 2933 3017 3574 3591 3926 3934 4062 4586 4657 4790 
327 614 1027 1043 1185 1192 1323 1477 1637 1655 1959 2003 2031 2165 2322 2337 2419 2594 2792 2833 2862 3186 3223 3304 3401 3448 3585 3607 3635 3693 3701 3736 4056 4281 4341 4386 4627 4780 4854 4875 4897 4963 4978 
16 18 88 161 360 459 617 664 1236 1276 1290 1406 1420 1424 1472 1647 1723 1761 1900 2192 2254 2280 2318 2382 2388 2438 2449 2861 2886 3100 3518 3606 3914 3921 4083 4329 4676 4759 4984 
302 670 922 963 999 1087 1241 1298 1350 1927 2148 2157 2164 2186 2196 2363 2744 3073 3133 3155 3178 3207 3244 3450 3649 3765 3795 3971 4093 4158 4256 4509 4651 
60 174 372 393 544 560 686 874 1034 1162 1235 1357 1414 1661 1808 1889 1909 1912 1943 2012 2218 2769 2784 2786 3060 3217 3730 3751 4009 4187 4474 4495 4868 4877 4886 4955 4975 
463 598 625 646 788 1176 1191 1643 1899 1946 2002 2172 2540 2764 2846 3003 3087 3152 3357 3376 3510 3630 3791 3840 3899 3931 3984 4095 4575 4802 
134 169 209 918 1223 1352 1428 2075 2117 2342 2347 2495 3204 3257 3350 3506 3748 3794 4102 4120 
36 49 56 391 403 414 465 753 900 1040 1110 1121 1475 1483 1553 1656 1826 1833 1906 2035 2383 2429 2558 2670 2830 3083 3258 3541 3663 3673 3678 3909 4135 4197 4338 4416 4560 4652 4669 4783 4850 4865 
177 300 420 672 898 958 1205 1498 1634 1728 1747 1938 1939 2054 2325 2529 2559 2674 2751 3068 3121 3138 3187 3194 3420 3426 3526 3644 3710 3863 3949 4201 4245 4284 4382 4417 4521 4568 4695 4801 4807 4913 
7 89 91 191 297 395 498 780 856 987 1132 1317 1804 2140 2237 3054 3076 3175 3256 3272 3378 3874 3901 4014 4290 4619 4724 
45 154 217 450 592 820 943 1238 1267 1325 1349 1770 1861 2028 2070 2398 2595 2696 2738 2960 3300 3554 3587 3691 3702 3919 4085 4420 4541 4763 4806 4840 4878 
207 251 382 389 659 827 960 1186 1256 1334 1370 1522 1546 1592 1798 1989 2027 2041 2174 2251 2312 2826 3279 3333 3345 3435 3495 3598 3662 3728 3797 3859 3968 4274 4430 4472 4536 4623 4679 4698 4728 4795 4929 4999 
38 82 318 323 543 610 834 885 921 1006 1009 1648 1658 1673 1997 2018 2080 2203 2415 2555 2614 2645 2780 2813 2885 3030 3041 3280 3284 3381 3437 3483 3530 3563 3722 3841 3895 3906 4392 4413 4458 4471 4628 4682 4739 4859 4882 
317 422 687 857 907 1312 1344 1547 1668 1791 2101 2500 2526 2648 2717 3008 3189 3202 3215 3295 3492 3987 
164 252 315 399 432 453 481 515 602 651 710 727 728 924 950 1285 1365 1556 1878 1903 1944 2166 2188 2450 2598 2913 2929 2993 3224 3269 3313 3470 3565 3594 3629 4531 4765 4820 4948 
130 666 870 934 977 1331 1386 1418 1670 1725 1790 1850 2404 2641 2781 2927 3289 3408 3569 3578 3612 4510 4566 4578 4648 
84 454 472 795 859 1128 1485 1652 1717 1726 1848 1947 1994 2021 2044 2331 2577 2734 2996 3078 3440 3505 3889 4150 4437 4631 
255 343 813 916 929 930 1031 1133 1137 1315 1335 1369 1402 1519 1893 1930 1970 2011 2374 2660 2777 2782 2838 2855 3683 3875 3938 4174 4242 4333 4621 4797 4843 4960 4969 4971 
137 166 274 492 735 786 814 1021 1173 1288 1346 1606 1776 1894 2005 2229 2578 2620 2774 2891 3464 3601 3615 3929 3940 4023 4025 4061 4198 4649 4818 4921 
3 328 418 996 1026 1170 1610 1862 1977 1979 2230 2503 2547 2581 2772 2821 3056 3301 3303 3434 3444 3522 4055 4074 4637 4644 
184 203 260 265 295 501 510 631 1299 1439 1503 1569 1649 1756 1787 1941 2336 2510 2600 2698 2981 3182 3545 3660 3864 4048 4235 4257 4302 4340 4445 4454 4498 4808 4935 4939 
107 321 342 529 635 842 920 1216 1287 1430 1573 1622 1642 1737 1754 1898 2047 2185 2207 2252 2409 2974 3322 3335 3353 4080 4707 4713 
119 204 525 641 759 914 1088 1222 1371 1490 1502 1608 1628 1864 2051 2514 2688 2951 3184 3418 3489 3544 3546 3562 3756 3843 3961 4066 4229 4237 4240 4306 4444 4486 4514 4596 4742 4746 4890 4916 4977 
875 1153 1313 1487 1514 1559 1650 1694 2001 2272 2639 2899 3048 3122 3331 3338 3557 3815 4030 4209 4331 4464 
57 158 586 621 637 704 736 772 884 1001 1065 1458 1495 1515 2108 2295 2391 2464 2498 2729 2746 3091 3218 3287 3614 3664 3694 3768 4219 4391 4411 4576 4607 4705 4934 4947 
92 108 290 537 550 552 770 785 851 976 1271 1342 1687 1704 2069 2107 2160 2307 2314 2519 2726 3387 3428 3824 3912 4149 4203 4373 4483 4526 4697 4726 4927 
76 110 208 658 771 812 1048 1127 1373 1993 2013 2045 2618 2676 2844 2919 3058 3127 3271 3385 3411 3626 3631 3676 3738 3826 3896 3996 4161 4307 4488 
48 243 479 1203 1213 1275 1311 1361 1381 1413 1535 1548 1623 1786 1823 2007 2136 2198 2474 2584 2593 2596 2606 3581 3734 3849 4595 
93 148 594 894 1212 1333 1337 1596 1624 1738 1911 2062 2113 2127 2376 2467 2488 2621 2626 2745 3016 3177 3341 3516 3561 3609 3727 3823 3936 4065 4092 4239 4279 4367 4475 4691 4830 4836 4911 
4 70 285 363 387 990 1042 1234 1244 1401 1621 1958 2079 2121 2129 2221 2227 2396 2561 2617 3250 3458 3744 3925 4042 4195 4243 4322 4567 4833 4872 
719 840 991 1114 1184 1355 1419 1462 1719 1883 1888 1896 1929 2076 2078 2289 2436 2468 2535 2556 2630 2662 2800 2801 2819 2850 2970 3002 3039 3359 3490 3497 3821 3836 3842 4051 4115 4272 4288 4346 4490 4571 4636 4747 4845 4869 4990 
20 50 125 379 540 559 669 940 1105 1885 1967 2016 2306 2400 2471 2538 2757 2822 2978 3093 3110 3278 3680 3753 3894 4154 4244 4314 4380 4622 4769 
240 476 773 892 1189 1217 1368 1393 1434 1844 2247 2256 2298 2479 2527 2672 2743 2753 2762 2945 3169 3291 3462 3539 3650 3689 3704 3720 3814 4032 4137 4196 4221 4451 4524 4708 4776 4844 
364 488 578 935 1074 1215 1277 1356 1619 1837 1940 2423 2544 2568 2609 2664 2712 2731 4079 4112 4289 4351 
96 129 132 271 338 448 1029 1227 1278 1488 1517 2491 2823 3071 3103 3118 3161 3354 3369 3542 3553 3696 3891 3904 4173 4236 4320 4617 4675 4700 4873 
178 227 262 734 756 805 1000 1057 1284 1326 1328 1372 1435 1685 1689 1796 1904 2205 2352 2720 2903 2931 2941 2983 3173 3214 3266 3314 3319 3525 3584 3675 3681 3682 3771 3869 3898 3999 4336 4668 4671 4681 4689 4756 4811 4860 4861 
15 85 142 187 286 696 1078 1183 1266 1316 1450 1481 1762 2089 2375 2461 2470 2483 2487 2765 2940 3393 3651 3879 4070 4106 4232 4313 4376 4389 4473 4590 4760 4962 4976 4995 
112 314 406 438 532 593 630 690 701 746 764 981 982 1239 1524 1675 1793 1971 2111 2128 2137 2550 2628 2990 3131 3380 3715 3877 3908 3980 4078 4309 4349 4398 4470 4992 
146 283 312 335 674 762 797 860 1071 1115 1605 1853 2444 2611 2622 2689 3062 3452 4090 4160 
11 145 245 661 775 822 948 1175 1540 1557 1586 1618 1627 1759 1827 1860 1870 2144 2177 2236 2311 2373 2542 2623 2706 2750 2758 2912 3057 3101 3282 3358 3377 3479 3488 3762 3784 3868 4003 4021 4113 4370 4456 4553 4602 4661 4863 4942 4979 
247 319 557 653 709 754 761 815 844 913 1032 1036 1146 1168 1179 1445 1574 1829 1881 2401 2579 2586 2825 3299 3398 3422 3468 3475 3679 3752 3831 3915 3924 4166 4433 4616 4680 4834 
370 417 499 618 725 1117 1161 1211 1529 1533 1564 1859 2043 2119 2399 2403 2447 2619 2770 2858 2935 2949 3283 3579 3700 3803 4103 4304 4360 4394 4516 4573 4625 4770 4883 
10 44 159 188 249 308 381 425 426 624 645 655 677 692 748 956 1609 1677 1686 1779 1845 2238 2353 2442 2484 2607 2677 3355 3487 3688 3749 3982 4098 4108 4117 4835 4862 4937 4985 
330 410 485 575 638 768 1018 1080 1097 1165 1224 1242 1389 1464 1506 1545 1563 1714 1753 1815 2014 2040 2142 2284 2407 2582 2791 2956 3139 3203 3227 3239 3249 3743 3838 3888 3962 3988 4315 4468 4530 4831 4853 4887 4903 4983 
17 114 276 572 585 893 1199 1489 1683 1986 2175 2190 2381 2489 2809 3347 3466 3528 3586 3624 3708 3733 3907 4004 4077 4138 4359 4431 4442 4798 
970 1415 1803 1866 1963 2161 2266 2313 2371 2462 2493 2624 2742 2909 2963 3034 3370 3388 3460 3499 4275 4353 
123 147 199 380 604 781 1301 1769 1805 2072 2098 2183 2248 2362 2446 2481 2969 3007 3010 3050 3163 3200 4013 4214 
182 464 599 671 1453 1536 1724 1773 1835 1987 2025 2242 2543 2708 2875 2877 2915 2916 2985 3296 3423 3446 3588 4050 4501 4570 
2 6 13 183 553 767 783 1022 1136 1385 1542 1554 1948 1974 2176 2267 2637 2682 2739 2845 2952 2986 3098 3320 3361 3472 3535 3595 3670 3844 4035 4043 4068 4188 4793 4805 4866 4900 
224 235 322 685 691 726 852 944 1094 1122 1130 1152 1193 1286 1659 2059 2074 2274 2299 2390 2537 2828 2967 3099 3172 3589 3610 3677 3976 4038 4148 4169 4252 4457 4533 4558 4665 4796 4803 4824 4901 
128 228 668 1076 1096 1177 1230 1243 1399 1565 1973 2223 2245 2440 2754 2798 3043 3329 3832 3946 4022 4100 4362 4466 
150 153 261 627 639 774 809 909 1054 1072 1425 1639 1890 2269 2356 2392 2460 2694 2700 2832 2871 3013 3179 3442 4598 
157 490 1046 1537 1777 1797 2294 2463 2591 2669 2728 2732 2804 2887 3634 3740 3787 4134 4191 4321 
39 193 352 513 528 573 648 657 673 811 1129 1388 1497 1552 1590 1839 1846 2152 2321 2367 2408 2454 2515 2811 2884 3117 3147 3243 3275 3550 4167 4438 4491 4693 4892 4905 4915 4941 4968 
53 64 144 236 259 316 407 419 556 609 667 737 800 896 1081 1125 1380 1469 1512 1520 1568 1636 1713 1841 1988 2151 2208 2465 2480 2553 2808 2991 3038 3066 3349 3521 3548 3646 3657 3687 3721 3945 4019 4300 4388 4418 4446 4461 4946 4997 
75 170 294 606 612 681 776 1167 1187 1396 1437 1640 1720 1852 1968 2077 2332 2476 2525 2570 2740 2824 2827 2854 2865 2914 3061 3356 3382 3597 4052 4220 4311 4397 4459 4581 4792 4849 
