54 129 235 346 379 380 414 578 740 1156 1272 1314 1344 1543 1554 1573 1603 1726 1799 1882 2074 2148 2224 2231 2320 2328 2601 2630 2936 2995 3418 3536 3720 3866 4023 4108 4129 4422 4630 
206 504 507 650 775 789 966 1178 1324 1453 1657 2286 2460 2585 2755 2766 2821 2873 3212 3290 3360 3879 3957 4020 4118 4468 4625 4723 4739 4825 4887 4916 
6 58 192 561 704 731 836 884 1035 1079 1306 1468 1490 1505 1560 2086 2194 2266 2404 2575 2849 2890 3115 3126 3145 3608 3611 3757 3789 3913 3927 4024 4026 4057 4111 4174 4187 4634 4647 4716 4757 4926 4937 4975 
103 133 280 395 560 1007 1393 1401 1470 2138 2170 2264 2616 2625 2822 2895 3331 3694 3721 3842 4006 4044 4113 4434 4453 4622 4768 
88 122 308 347 355 570 626 697 1347 1402 1488 1542 1834 1856 1922 2038 2109 2165 2220 2472 2578 2701 3203 3583 3729 3832 3935 4267 4597 4735 4797 4921 
148 200 446 876 911 919 983 1004 1126 2142 2372 2382 2457 2492 2515 2633 2827 3463 3528 3555 3902 3934 4155 4269 4275 4439 4446 4473 4560 4576 4586 4641 4917 4948 
69 120 333 473 500 573 797 893 927 972 1077 1300 1493 1562 1591 1804 1812 1857 1880 1890 1982 2049 2171 2265 2291 2315 2375 2512 2561 2748 2844 2853 2864 2887 3009 3037 3106 3124 3440 3560 3844 3876 4244 4412 4426 4603 4676 4875 4896 
41 490 494 555 652 664 673 760 839 1003 1099 1389 1475 1656 1677 1782 1954 2070 2080 2121 2143 2602 2803 3364 3554 3639 3710 3719 3751 3878 4094 4136 4164 4537 4582 4589 4674 4851 4852 4961 
52 418 454 644 819 936 1340 1429 1430 1530 1896 2081 2299 2353 2374 2407 2690 2762 2813 2947 3039 3065 3079 3121 3214 3262 3442 3622 3700 3749 4075 4139 4158 4171 4523 4620 4719 4776 4877 4878 4898 4928 4957 4984 
21 210 283 300 328 551 557 683 997 1163 1219 1433 1557 1767 1774 1916 1983 2023 2091 2213 2641 2682 2796 2918 3168 3171 3372 3427 3503 3816 3944 4017 4038 4043 4107 4127 4169 4266 4378 4531 4598 4639 
350 436 658 757 759 1053 1251 1391 1465 1503 1539 1711 1734 1824 1881 1976 2034 2147 2192 2411 2490 2503 2627 2831 2900 3055 3078 3135 3213 3390 3394 3516 3592 3593 3986 4028 4054 4077 4143 4184 4553 4562 4729 4857 4922 4929 4956 4993 
60 265 427 502 563 595 621 676 699 891 979 1167 1366 1462 1517 1564 1602 1626 1816 2046 2089 2139 2179 2298 2565 2720 3176 3317 3332 3458 3525 3561 3662 3875 4207 4257 4443 4497 4515 4914 
451 532 642 809 873 937 962 1105 1221 1252 1769 1993 2008 2019 2146 2544 2828 2940 2969 2992 3046 3091 3172 3289 3293 3302 3399 3420 3540 3547 3603 3627 3640 3752 3770 3790 3939 3956 4069 4183 4254 4447 4595 4611 4737 4842 4925 4971 
354 430 467 478 656 679 894 1016 1302 1439 1469 1955 2022 2092 2173 2227 2648 2715 2719 2800 2921 2950 3618 3641 3835 3947 3989 4198 4289 4294 4396 4889 4931 
28 182 433 641 840 862 887 1212 1222 1279 1354 1403 1495 1516 1750 2233 2341 2462 3023 3033 3035 3044 3111 3254 3523 3723 3919 4015 4186 4277 4585 4833 
513 548 790 1308 1336 1670 2191 2215 2644 2741 2929 3003 3336 3337 4050 4067 4102 4215 4239 4349 4387 4398 4522 
130 313 421 463 575 608 806 811 929 1233 1376 1550 1581 1586 1744 1831 1865 1876 1961 2352 2356 2426 2511 2628 2662 2760 2848 2972 2978 3215 3237 3334 3410 3676 3852 3882 3925 3965 3979 4319 4513 4593 4614 4684 4859 4989 
134 264 371 565 718 971 1274 1414 1420 1424 2125 2281 2468 2635 2735 3007 4030 4071 4137 4229 4385 4516 4646 
16 33 195 373 495 511 665 709 733 799 995 1168 1174 1192 1395 1459 1570 1633 1861 2100 2154 2507 2615 2670 2708 2751 2985 3231 3259 3318 3374 3937 3976 4315 4360 4465 4733 4758 4873 
111 131 289 301 529 706 719 928 942 1217 1257 1426 1491 1600 1653 1858 1938 2311 3221 3241 3292 3353 3357 3392 3419 3465 3602 3687 3715 3825 4036 4059 4106 4176 4500 4578 4754 4788 4987 
25 180 314 445 521 574 579 872 1030 1161 1204 1412 1472 1654 1686 1839 1850 1851 1903 2178 2388 2409 2415 2842 2932 3222 3223 3246 3285 3455 3522 3558 3614 3737 3799 3907 3936 4241 4325 4491 4556 4767 4846 4998 
29 499 564 657 747 816 901 913 1018 1248 1351 1380 1628 1694 1788 1980 1997 2252 2396 2724 3103 3242 3269 3342 3518 3730 3948 4027 4087 4124 4286 4324 4330 4363 4543 4671 4760 4780 4814 4871 4879 
215 357 505 525 567 619 639 755 762 1093 1132 1207 1342 1410 1720 1907 1978 2002 2145 2177 2363 2440 2837 2933 3232 3265 3631 3649 4142 4253 4458 4469 
218 335 993 1416 1668 1760 1872 1988 2198 2207 2342 2455 2622 2925 2973 3072 3256 3604 3968 4563 
101 481 703 721 738 742 852 879 933 958 1155 1194 1343 1771 1828 2036 2041 2069 2103 2157 2166 2186 2268 2271 2280 2517 2531 2721 2829 2870 3301 3305 3356 3472 3621 3650 3722 4000 4018 4210 4212 4293 4410 4494 4567 4686 4765 4785 4839 
8 156 183 442 457 466 680 1090 1197 1341 1440 1588 1609 1756 1822 1889 1914 2202 2230 2277 2364 2483 2489 2551 2556 2688 2703 2990 3060 3087 3113 3478 3479 3539 3796 3978 4305 4338 4793 4804 4826 4907 4938 4952 
104 201 390 667 1061 1288 1396 2229 2256 2505 2605 2623 2640 2664 2815 3100 3325 3335 3401 3422 3856 4122 4170 4259 4278 4557 4599 4751 4930 4936 
237 291 315 397 452 752 835 841 940 1060 1111 1331 2399 2518 2659 2709 2753 2795 2938 2991 3086 3105 3199 3473 4145 4377 4672 
191 470 503 617 653 1109 1225 1276 1316 1457 1477 1537 1590 1709 1747 1930 2012 2082 2276 2484 2549 2776 2863 2963 3276 4008 4070 4234 4248 4402 4511 4600 4644 4819 4830 
234 246 420 526 566 805 828 1011 1171 1236 1544 1966 1996 2006 2120 2196 2248 2961 3393 3437 3606 3615 3987 4221 4323 4359 4405 
93 160 198 232 316 751 825 1662 2024 2163 2272 2293 2459 2513 2532 2577 2744 2768 2804 3181 4150 4250 4375 4505 4569 
1 19 225 277 461 464 465 643 781 812 874 1012 1094 1154 1173 1519 1572 1614 1736 1848 2090 2373 2652 2672 2711 2714 2739 2780 2830 2865 2919 3163 3219 3385 3648 3675 3681 3773 4462 4517 4581 4904 4911 
78 228 259 509 669 944 1020 1071 1265 1555 1638 1679 1832 1845 1904 1906 1974 2112 2130 2554 2634 2745 2922 3125 3833 3874 3892 3899 3922 4047 4119 4135 4140 4206 4333 4335 4472 4520 4605 4869 4874 4940 4951 
17 535 576 618 886 951 1058 1108 1148 1169 1278 1532 1533 1635 1649 1698 2054 2098 2221 2704 3250 3346 3469 3916 4076 4220 4316 4527 4615 4632 4734 4796 4932 4955 
172 524 585 717 801 814 1142 1211 1377 1666 1681 1713 1826 1949 2122 2155 2235 2260 2336 2450 2542 2564 2566 3018 3085 3154 3158 3173 3192 3235 3359 3556 3977 4134 4154 4489 4628 
83 140 868 1244 1313 1810 1935 1969 1971 2102 2188 2318 2366 2419 2774 2783 2801 2809 2817 3186 3307 3569 3708 3860 4156 4299 4541 
76 174 344 424 550 558 695 787 857 878 941 1008 1047 1637 1739 1941 2108 2150 2430 2480 2493 2522 2525 2671 2812 2906 2910 2980 3008 3150 3326 3417 3541 3656 3690 3951 4046 4262 4344 4354 4493 4501 4705 4759 4773 4860 4964 
244 270 629 674 756 992 1056 1634 1877 1925 1987 2026 2187 2358 2408 3038 3119 3299 3999 4010 4022 4231 4342 4479 
365 408 776 875 986 1198 1261 1547 1611 1809 1888 2136 2718 3300 3702 3883 3929 4029 4224 4328 4388 4617 
387 522 831 1229 1421 1450 1524 1559 1805 2510 2691 2740 2763 2965 2983 3034 3164 3389 3677 3766 4001 4167 4285 4416 4486 4713 
51 147 469 544 545 569 630 691 880 1022 1179 1381 1415 1494 1766 2040 2190 2333 2414 2452 2474 2681 2860 2882 3063 3202 3339 3585 3728 3834 4019 4031 4103 4133 4175 4242 4370 4667 4843 4972 4983 
81 684 753 905 930 1303 1513 1667 1683 1707 1719 1741 2255 2355 2432 2663 2908 2960 3036 3211 3240 3452 3504 4042 4301 4390 4450 4724 4824 4894 
211 309 411 602 694 702 866 1054 1285 1287 1291 1605 1895 1999 2257 2377 2520 2723 2855 2880 2891 2986 3144 3244 3579 3814 3861 4101 4165 4268 4440 
202 1025 1484 1556 1921 2421 2482 2684 2742 3042 3313 3366 3492 3550 3644 3739 3754 3995 4035 4195 4306 4401 4481 4616 4710 4740 4823 
152 255 405 588 769 897 1066 1193 1510 1674 1948 2589 2611 2858 3098 3509 3564 3630 3683 3778 4265 4276 4329 4386 4732 
35 85 149 204 321 324 331 394 640 693 767 945 1123 1267 1385 2061 2111 2332 2401 2441 2782 2851 2852 3218 3323 3453 3529 3691 3970 4487 4542 4551 4561 4588 4721 4969 
144 165 184 292 625 635 670 698 766 788 931 1158 1210 1269 1390 1437 1481 1483 1772 1869 2057 2312 2323 2335 2379 2402 2500 2610 2706 2713 2964 3210 3298 3441 3634 3682 3707 3973 4055 4056 4086 4130 4189 4336 4572 4774 4973 
256 349 409 486 498 651 1083 1349 1434 1568 1835 2018 2275 2310 2560 2597 2651 2685 2959 2979 3045 3092 3130 3137 3327 3711 3819 3848 3851 3904 3933 4068 4279 4290 4587 4864 4909 4974 
175 188 274 275 281 391 410 489 765 824 834 858 961 1052 1072 1127 1182 1202 1370 1373 1933 2032 2033 2702 2707 2833 2877 2924 2948 3028 3090 3097 3443 3587 3838 3847 3889 3941 4115 4274 4287 4651 4709 4746 4906 4959 4995 
65 127 139 415 426 491 527 542 591 671 716 802 917 918 1042 1321 1332 1387 1442 1455 1616 1625 1729 1900 1967 2115 2159 2347 2506 2756 2914 2943 2994 3178 3247 3349 3575 3586 3787 3845 3896 4222 4413 4775 4777 4850 4895 4899 
369 531 725 773 907 912 925 977 1002 1024 1050 1122 1203 1256 1427 1673 1813 1986 2051 2164 2193 2337 2357 2733 2794 2810 2811 2871 2899 2955 2981 3370 3421 3432 3531 3633 3732 3756 3900 4288 4339 4381 4425 4645 4661 4920 
91 108 181 272 581 969 1206 1565 1702 1723 2030 2367 2587 2884 2967 3064 3279 3408 3457 3595 3613 3829 4217 4240 4304 4663 4766 4817 4923 4963 
12 974 1086 1312 1392 1452 1566 1820 2241 2437 2464 2836 2941 3054 3295 3425 3488 3712 3857 3895 3917 4084 4112 4173 
360 364 416 506 715 1019 1141 1200 1762 1811 3341 3450 3496 3654 3704 3990 4209 4318 4327 4454 4507 
157 203 267 273 338 587 589 792 796 1048 1305 1731 1780 1815 2037 2039 2114 2619 2638 2658 2856 2862 2881 2898 2954 3043 3096 3278 3324 3333 3378 3400 3706 3871 3901 4037 4072 4243 4272 4369 4478 4506 4697 4714 4838 4844 4947 4981 
73 118 168 435 492 662 823 1165 1328 1699 2028 2062 2184 2591 3174 3624 3854 3964 4002 4178 4477 
4 63 68 249 326 428 434 440 572 791 906 970 988 1186 1224 1327 1386 1615 1722 1778 1963 1975 2035 2246 2297 2712 3141 3191 3239 3271 3345 3403 3454 3489 3743 3792 3846 3897 4160 4205 4322 4533 4629 4712 4818 4834 4968 
57 98 155 681 682 820 1021 1208 1304 1339 1473 1545 1612 1776 2000 2222 2481 2540 2562 2574 3142 3193 3264 3350 3576 3785 3893 4066 4080 4085 4089 4148 4433 4666 4836 4927 
166 257 425 1029 1059 1506 1507 1571 1607 1708 1823 1862 2259 2287 2321 2330 2406 2423 2487 2653 3170 3376 3490 3497 3701 4444 
13 39 125 286 460 487 512 533 892 949 1138 1149 1172 1315 1830 2118 2161 2345 2427 2609 2618 2643 2818 2867 2953 3129 3245 3501 3537 3565 3764 3818 3996 4011 4013 4083 4192 4380 4704 4996 
9 86 888 1191 1297 1345 1422 1425 1660 1748 3120 3260 3314 3321 3533 3571 3890 3909 4053 4123 4159 4592 4675 
56 79 540 612 761 1005 1213 1299 1330 1627 1695 1793 1833 2126 2129 2218 2354 2370 2530 2692 2846 2951 3017 3021 3107 3236 3294 3446 3686 3853 4343 4373 4903 4942 4980 
99 310 638 800 865 1068 1514 1765 1891 1917 2140 2176 2434 2543 2604 2730 2832 2897 3040 3612 4153 4403 
179 217 382 938 1404 1658 1680 1751 2368 2433 2893 2998 3014 3283 3297 3329 3355 3404 3521 3601 3664 3666 3997 4263 4358 4397 4654 4756 4853 
514 843 1081 1329 1601 1631 1733 1893 1951 2055 2234 2757 2790 3013 3071 3122 3407 3462 3476 3538 3570 4382 
293 340 348 412 439 485 672 714 864 882 915 996 1041 1089 1185 1247 1518 1687 1913 1945 1990 2167 2236 2346 2391 2473 2777 2931 3179 3311 3406 3471 3506 3553 3638 4079 4264 4283 4348 4404 4421 4508 4643 4743 4808 
366 437 480 689 847 1369 1629 1678 1688 1943 2009 2793 3015 3026 3485 3886 3960 4201 4389 4400 4706 4708 4742 
75 136 223 378 398 633 700 1293 1326 1353 1725 1968 2079 2251 2381 2558 3396 3748 3912 3918 3959 3972 4095 4099 4157 4755 4848 
44 61 66 158 178 339 518 592 727 1088 1137 1428 1671 1927 2226 2228 2392 2435 2778 2814 3194 3195 3238 3451 3647 3660 3684 3767 3993 4366 4658 4683 4736 4872 
214 294 459 476 534 817 910 1065 1074 1078 1117 1144 1333 1400 1724 1759 1770 1790 1866 1870 1959 2067 2183 2282 2305 2351 2454 3499 3646 3669 3688 3744 3824 3837 3870 4065 4202 4738 4786 4897 4949 
70 238 288 341 923 1097 1237 1283 1558 1801 2027 2073 2247 2350 2361 2545 2668 2680 2767 3230 3234 3584 3802 3983 4204 4237 4282 4749 4821 4841 4854 
2 34 263 297 332 375 475 606 964 1023 1036 1112 1253 1803 2204 2317 2626 3012 3159 3316 3344 3387 3475 3514 3667 3679 3685 3945 4185 4191 4226 4302 4340 4441 4449 4554 4568 4702 4722 4803 4954 4967 
290 577 956 1006 1028 1187 1230 1271 1301 1501 1829 1836 1929 1950 1989 2064 2119 2448 2629 2738 2786 2806 2928 2946 2957 3027 3075 3261 3382 3445 3449 3623 3727 3784 3788 3859 3869 4093 4246 4271 4341 4463 4502 4558 4619 4691 4828 4935 
385 450 735 1383 1431 1553 2066 2131 2135 2211 2534 2676 2807 2939 3069 3108 3308 3429 3495 3551 3914 3982 3984 4177 4223 4247 4347 4466 4503 4536 4547 4727 4764 4978 
11 396 609 620 744 904 975 1147 1190 1235 1526 1551 1579 1644 2043 2077 2285 2444 2584 2655 2660 2679 2697 2749 2937 2977 3051 3282 3351 3361 3367 3568 3769 3840 3931 4163 4211 4280 4559 4805 4933 
193 343 701 1145 1216 1411 1499 1597 1773 1958 2072 2239 2378 2559 2613 3010 3783 3884 3991 4151 4549 
42 47 167 320 423 648 815 869 922 1170 1295 1348 1515 1546 1786 1802 1883 1962 2004 2242 2383 2494 2502 2583 2669 2934 3157 3225 3251 3266 3362 3448 3625 3827 4014 4216 4313 4480 4580 4626 4718 
15 95 164 536 830 849 1031 1110 1120 1260 1371 1374 1592 1640 1700 1730 1768 1787 1814 1991 2014 2360 2422 2425 2826 2875 2909 2916 3022 3095 3118 3165 3414 3589 3657 3761 3807 4074 4245 4504 4528 4591 4682 4726 4982 
187 389 429 510 675 994 1134 1136 1189 1837 1944 2134 2216 2395 2451 2567 2949 3127 3252 3426 3480 3548 4357 4399 4460 4574 
219 236 304 468 586 654 1027 1098 1368 1438 2521 2717 2754 3082 3166 3439 3466 3616 3680 3776 4105 4131 4132 4260 4332 4579 4905 4910 4913 
22 106 1215 1250 1282 1458 1508 1992 2087 2250 2470 2903 3183 3433 3436 3534 3872 3894 4081 4232 
92 121 247 305 604 660 1129 1604 1613 1622 1892 2289 2334 2687 2857 2894 3101 3354 3588 3591 4104 4296 4307 4610 4789 
399 568 646 692 881 1038 1069 1102 1441 1710 1789 2303 2331 2371 2479 2896 3138 3161 3258 3274 3502 3850 3911 3988 4311 4784 4868 4888 
537 538 732 1087 1214 1435 1467 1583 1606 1752 1795 1931 2058 2133 2436 2547 2555 2883 2886 3025 3041 3310 3580 3645 3716 3804 4161 4314 4351 4374 4437 4498 4649 4977 
278 720 746 860 1100 1106 1270 1296 1310 1319 1485 1874 1998 2307 2319 2324 2945 2962 3029 3287 3391 3545 3942 4138 4238 4519 4544 
194 233 276 363 745 1363 1887 2212 2340 2478 2808 2952 3020 3520 3699 3798 3994 4326 4420 4535 4681 4688 
72 242 443 737 777 920 952 1075 1361 1672 1705 1732 1761 1868 1901 1924 1970 2410 2509 2902 2935 2976 3187 3670 3693 3735 3810 4114 4203 4457 4483 4652 4692 4745 4827 4862 4962 
113 128 135 159 162 266 804 1135 1509 1655 1871 1920 1952 2013 2262 2429 2471 2824 3288 3574 3734 3820 4009 4045 4063 4088 4648 4715 4810 4815 4902 
142 261 285 515 571 685 726 924 947 1049 1280 1456 1480 1580 1594 1647 1817 2076 2127 2137 2169 2253 2403 2759 2802 2854 2907 3030 3139 3348 3447 3544 3713 3888 3980 4249 4350 4858 4891 4991 
31 53 112 205 311 400 520 743 807 832 837 871 890 902 963 1177 1255 1263 1350 1511 1886 1909 1919 1964 2021 2338 2443 2467 2519 3084 3160 3209 3280 3304 3781 3803 3821 3873 3891 4096 4353 4428 4524 4855 4881 4944 5000 
161 241 252 384 431 449 655 710 774 909 990 1092 1275 1323 1356 1659 2044 2217 2237 2417 2631 2698 2911 3024 3188 3330 3405 4371 4584 4631 4988 
10 221 330 367 456 559 598 853 955 965 1114 1446 1460 1692 1743 1758 1808 2015 2075 2078 2101 2232 2621 2750 3056 3200 3255 3431 3578 3724 3828 4317 4355 4384 4452 4475 4518 4627 4779 4798 4813 4861 4919 
62 245 248 553 603 885 984 1104 1159 1201 1504 1693 1742 1745 1875 1878 1977 2060 2153 2175 2537 2772 2781 2869 3123 3671 3949 4033 4117 4255 4407 4448 4573 4601 4635 4687 4870 4893 4950 
23 226 250 317 370 627 829 896 1055 1652 1669 1796 2085 2096 2105 2174 2405 2420 2569 2726 2728 2758 2892 3057 3128 3220 3253 3605 3782 4110 4188 4321 4419 
96 151 306 381 413 508 590 597 607 616 668 711 1044 1160 1205 1379 1676 1984 2003 2245 2394 2431 2535 2538 2843 2905 3140 3731 3797 3868 3967 4004 4091 4470 4490 4678 4985 
145 312 690 696 957 1311 1461 1534 1563 1630 1714 1737 2048 2267 2284 2349 2445 2705 2997 3143 3148 3185 3409 3415 3416 3577 3659 4623 4642 4761 
154 231 307 877 1116 1309 1497 1567 2124 2141 2258 2300 2456 2612 2650 2661 3134 3388 3805 4548 
153 299 353 623 810 822 954 1118 1157 1289 1445 1946 1957 2210 2496 2526 2529 2541 2667 2686 2731 2789 3000 3083 3136 3306 3369 3508 3594 3668 3695 3726 3858 3921 3958 4034 4258 4423 4526 4534 4613 4885 
138 146 208 352 383 530 556 1080 1238 1346 1464 1487 1608 1632 1979 2580 2595 2665 2879 2988 3011 3114 3162 3206 3460 3515 3524 3566 3619 3755 3849 4048 4337 4409 4492 4608 4701 4787 4849 4863 4880 4970 
3 105 132 659 678 1064 1130 1166 1234 1246 1639 1646 1703 1864 2029 2065 2475 3272 3609 3626 3738 3812 3836 3903 3940 4677 4753 
176 216 594 610 764 999 1183 1292 1521 1538 1897 2031 2050 2104 2533 2588 2624 2675 2677 2764 3204 3373 3379 3474 3599 3841 3863 3915 4432 4831 4840 4856 4941 
190 268 322 356 482 921 998 1017 1091 1124 1407 1482 1664 1785 1827 1853 1994 2113 2180 2223 2249 2787 3001 3049 3112 3248 3411 3742 3768 3774 3794 3817 3881 3885 3954 3961 4032 4125 4196 4555 4924 4934 4953 4999 
36 74 150 295 472 637 772 846 895 1009 1013 1284 1317 1334 1335 1535 1781 1879 1918 2005 2093 2160 2369 2657 2693 2699 2835 2861 2876 3088 3226 3500 3517 3635 3655 3771 3826 4120 4213 4214 4471 4496 4529 4566 4596 4790 4801 
818 987 1095 1382 1715 1779 1797 2052 2539 2548 2607 2632 2797 2930 2968 3058 3643 3839 3905 4193 4435 4565 
27 323 336 634 898 899 948 1107 1131 1162 1266 1320 1419 1574 1846 1860 2158 2304 2385 2546 2557 2592 2920 2970 3207 3377 3636 3642 3661 3741 3793 3823 4126 4225 4233 4297 4368 4621 4720 
48 444 477 632 833 1406 1447 1496 1643 1942 2047 2128 2292 2656 2743 2792 2989 2999 3196 3286 3672 4361 4583 4690 4725 
406 458 870 1039 1119 1226 1227 1409 1841 1956 2117 2205 2283 2314 2469 2645 2694 2747 3080 3753 4147 4168 4182 4484 4571 4717 
50 230 262 404 645 1176 1188 1220 1228 1398 1436 1444 1474 1500 1522 1838 1885 1926 2636 2737 2872 3053 3270 3338 3352 3482 3519 3552 3705 3772 4025 4039 4082 4309 4436 4521 
110 116 124 173 298 605 677 688 784 786 838 883 950 1209 1585 1617 1618 1675 1704 1763 2269 2376 2568 2840 3233 3273 3590 3800 4281 4570 4791 4958 
14 43 46 143 345 546 859 1449 1540 1577 1599 1716 1905 1947 2132 2524 2637 2700 3428 3696 3725 4109 4638 4664 4680 4703 
197 251 372 422 523 596 636 813 932 968 985 1001 1262 1294 1624 1689 2016 2516 2866 3048 3371 3598 3653 3689 3815 3928 4284 4383 4424 4488 4532 4689 4762 4820 4832 4837 
169 867 953 1067 1070 1151 1258 1322 1463 1985 2446 2572 2590 2620 3061 3189 3229 3257 3296 3697 3745 3763 4308 4320 4495 4575 4799 4908 
38 90 163 334 582 647 724 771 842 850 1057 1062 1121 1451 1576 1806 1825 2144 2465 2536 2710 2974 3081 3395 3412 3532 3559 3898 3932 4012 4116 4141 4172 4200 4352 4356 4362 4604 4782 4876 4945 
32 82 649 1014 1051 1245 1512 1721 1972 2617 2716 2912 2971 3070 3340 3397 3491 3527 3963 4128 4291 4685 
342 455 484 599 601 939 1243 1273 1375 1549 1819 1981 2552 2608 2732 2798 2823 2874 2915 2944 3016 3381 3423 3435 3526 3563 3658 3692 4062 4394 4618 4660 4669 4698 4763 4867 
77 254 258 973 1033 1063 1084 1365 1569 1598 2201 2261 2389 2594 2599 2926 2966 3155 3319 3363 3494 3974 4005 4021 4040 4121 4251 4546 4707 4748 4847 4882 4939 
209 368 562 785 1242 1264 1372 1777 1863 1928 2088 2295 2791 2889 3167 3243 3320 3322 3368 3484 3573 3607 3709 3758 3831 4090 4295 4459 4482 4624 4800 
64 220 325 845 1164 1180 1355 1388 1696 2025 2306 2390 2393 2476 2770 2779 2805 3077 3102 3887 3998 4152 4525 4655 4741 4781 4835 
126 189 376 600 1076 1139 1223 1307 1360 1523 1528 1821 2053 2182 2195 2206 2243 2274 2398 2428 2488 2729 2769 3066 3068 3424 3505 3507 3513 3678 3762 3830 4417 4637 4696 4728 4772 4884 4946 
55 102 329 803 903 991 1254 1359 1619 1645 1764 1915 2068 2527 2528 2646 2956 2987 3263 3275 3375 3383 3413 3779 3910 4162 4376 4455 4636 4650 4979 
100 432 547 593 728 856 908 1026 1046 1125 1249 1281 1610 1663 1706 1791 1800 1973 2007 2123 2168 2214 2344 2571 2573 2598 2695 2820 2868 3002 3052 3104 3267 3281 3459 3581 3765 3786 3809 3923 3950 4230 4334 4461 4771 4886 4990 
7 24 84 97 207 448 453 916 989 1367 2244 2308 2322 2501 2514 2649 2736 2888 3004 3133 3208 3511 3652 3717 3760 3930 3985 4415 4431 4662 4986 
18 109 302 541 614 713 730 748 980 1037 1096 1146 1175 1290 1650 1690 1807 1840 1908 1932 2010 2485 2904 3059 3062 3328 3365 3535 3733 3791 4051 4190 4228 4256 4298 4668 4699 4816 
123 393 611 708 978 1397 1466 1749 1849 1965 2156 2254 2302 2834 2982 3572 4149 4197 4208 4303 4552 4659 
45 59 94 374 734 778 821 914 960 1418 1548 1717 1842 2209 2325 2348 2362 2773 2785 2917 2984 3110 3152 3380 3926 3969 4300 4485 4530 4976 4997 
37 260 296 488 666 705 736 758 783 900 1015 1043 1103 1338 1443 1593 1691 2110 2278 2412 2424 2461 2579 2582 2639 2654 2666 2746 3147 3156 3456 3464 3470 3567 3674 3750 3759 4041 4073 4144 4540 4711 4750 4770 4783 4802 4965 
115 319 528 549 722 754 848 1034 1152 1417 1589 1661 1712 2116 2458 2498 2553 2859 2885 3006 3099 3224 3343 3637 3665 3880 4310 4364 4365 4379 4438 4602 4679 4695 4795 4994 
196 243 359 543 661 770 851 861 1115 1184 1318 1325 1746 1844 1939 2199 2508 2596 2678 3076 3149 3180 3402 3582 3955 3962 3981 4146 4227 4367 4411 4451 4474 4514 4730 4992 
107 212 282 419 976 1195 1231 1486 1934 2106 2238 2523 2923 3047 3182 3596 4003 4194 4545 4577 
26 119 497 624 686 712 889 959 1040 1128 1352 1362 1394 1527 1541 1561 1665 1775 2001 2011 2094 2149 2151 2270 2586 2614 2673 2696 3153 3249 3309 3347 3600 3628 3629 3663 4052 4372 4694 4731 4792 4809 4822 4845 4866 4892 4915 4943 4966 
80 114 186 224 407 763 794 981 1199 1268 1423 1498 1531 1718 1798 1937 2063 2172 2294 2438 2761 2819 2942 3050 3094 3184 3673 3703 3777 4007 4016 4092 4261 4499 4633 4744 4769 4901 
137 229 271 351 417 471 539 552 583 1479 1502 1552 1621 2045 2185 2200 2296 2316 2339 2418 2447 2495 2563 2784 2845 3398 3468 3549 3736 3747 3864 3966 4464 4807 4912 
20 117 222 269 516 967 1032 1073 1101 1181 1239 1471 1595 1636 1738 1784 1902 1910 2313 2397 2400 2449 2491 2499 2765 2816 2878 3116 3117 3151 3169 3268 3277 3467 3498 3543 4252 4292 4429 
170 386 401 501 826 855 1045 1085 1241 1277 1448 1489 1623 1651 1911 2042 2279 2327 2413 2603 2606 2841 2847 2901 2993 3019 3073 3198 3228 3510 3546 3651 3780 3811 3938 4049 4060 4270 4345 4346 4418 4430 4564 4594 4693 4918 
30 89 402 438 580 749 1525 1682 1754 1783 1855 1894 2056 2380 2386 2439 2689 2771 2958 3005 3632 3862 3877 3943 4235 4312 4414 4609 4653 4883 
185 337 628 741 1378 1642 1792 1867 1936 2084 2359 2642 2788 2838 3617 3865 3867 3953 4100 4181 4510 4665 
318 613 615 663 750 780 844 854 1140 1478 1492 1873 2097 2309 3131 3434 3493 3557 3597 3924 4058 4236 4331 4391 
327 362 479 496 808 1912 2162 2189 2208 2343 2466 2722 2799 3197 3205 3284 3483 3486 3952 4061 4064 4442 4550 4747 4778 4811 
5 49 171 213 279 284 474 827 863 1153 1384 1575 1578 1685 1735 1757 1854 1923 2486 2550 2593 2839 3031 3132 3216 3291 3438 3487 3530 3714 3740 3795 4166 4427 4509 4538 4794 4806 
199 227 287 358 517 631 707 782 793 795 1113 1196 1232 1240 1286 1298 1536 1582 1697 1847 1884 1899 1940 1953 2326 2576 2674 2734 3032 3067 3089 3177 3303 3775 4179 4467 4612 4670 4812 4865 4960 
240 303 441 483 493 779 1753 1794 2017 2059 2387 2453 2683 2752 2850 3481 3562 3801 3843 3946 3992 4097 4607 4656 
377 1010 1082 1143 1357 1408 1898 2083 2152 2219 2240 2463 2497 2504 2600 2775 3384 3718 3822 3920 3971 4512 4539 4590 4673 
40 67 141 462 729 739 946 982 1000 1337 1364 1596 1728 2107 2273 2725 2825 3698 4098 4445 
71 253 447 519 1150 1358 1405 1432 1529 1587 1620 1641 1740 1818 2263 2288 2301 2384 2442 2570 2927 3074 3109 3146 3175 3315 3358 3386 3477 3512 3610 3620 3808 3906 4078 4199 4219 4456 4476 
87 177 361 392 554 723 768 926 943 1133 1218 1399 1476 1584 1648 1684 1701 1755 1852 1859 2020 2095 2099 2197 2203 2329 2365 2416 2477 2581 2647 2913 2996 3093 3217 3227 3461 3746 3806 3813 4180 4273 4393 4395 4406 4408 4752 4829 4890 4900 
239 388 403 584 622 687 798 934 935 1259 1413 1454 1520 1727 1843 1960 1995 2071 2181 2225 2290 2727 2975 3190 3201 3312 3430 3444 3542 3855 3908 3975 4218 4392 4606 4640 4657 4700 
