56 202 232 314 411 577 586 846 1029 1117 1128 1237 1271 1303 1388 1455 1930 2184 2383 2554 2627 2994 3088 3146 3230 3382 3410 3637 3711 3733 4053 4201 4232 4419 4631 4743 4797 4904 4922 
70 201 513 584 636 704 776 791 1057 1307 1577 1588 1662 1841 1907 2358 2558 2560 2762 2783 2957 2997 3097 3191 3491 3902 4164 4223 4321 4550 4767 4882 
19 183 215 229 230 302 442 702 825 1083 1273 1374 1574 1794 1816 1889 1992 2009 2393 2578 2630 2639 2691 2705 2934 3000 3085 3206 3211 3291 3375 3809 3994 4119 4143 4178 4345 4424 4687 4695 4928 4934 4937 4977 
121 122 405 434 1233 1314 1420 1540 1632 1824 1832 1879 2282 2351 2366 2579 2582 3115 3305 3430 3545 3566 3675 4209 4255 4479 4840 
11 55 68 365 566 646 655 656 670 849 916 1001 1672 1760 1810 2397 2429 2603 3019 3219 3487 3562 3583 3829 3951 4057 4080 4105 4566 4623 4805 4883 
129 240 272 1050 1166 1333 1600 1611 1895 1909 2238 2325 2338 2363 2437 2507 2563 2633 2810 3164 3436 3587 4037 4144 4176 4293 4531 4538 4569 4788 4920 4926 4948 4964 
94 99 329 379 415 729 794 933 1092 1120 1215 1323 1457 1500 1514 1606 1811 1812 1842 1844 2127 2177 2199 2315 2389 2419 2465 2632 2863 2881 3107 3109 3347 3568 3724 3786 3806 3842 3866 3976 4218 4268 4290 4639 4817 4873 4876 4897 4925 
64 167 286 435 439 494 813 905 980 1042 1252 1277 1630 1646 1711 1998 2311 2486 2523 2605 2702 2920 3354 3610 3699 3785 3787 3896 4004 4054 4251 4332 4467 4493 4509 4627 4704 4714 4781 4864 
9 14 98 113 125 247 515 595 811 834 1184 1257 1508 1596 1728 1730 1801 1836 1978 2115 2367 2593 2793 2843 2890 3130 3169 3421 3846 3901 4102 4161 4276 4349 4386 4542 4583 4640 4676 4688 4710 4713 4957 4985 
89 120 276 363 421 663 995 1073 1177 1459 1615 1675 1762 1792 1797 1903 1934 2194 2297 2353 2384 2671 2799 2815 2858 2862 2912 2931 3015 3189 3207 3290 3317 3348 3433 3738 3744 3755 4109 4182 4632 4806 
147 181 185 300 609 625 727 896 899 1054 1105 1236 1362 1778 1884 2017 2150 2284 2472 2608 2637 2673 2685 3066 3158 3247 3346 3383 3627 3672 3688 3718 3776 3861 3938 4042 4116 4202 4231 4411 4527 4578 4736 4790 4841 4956 4974 4993 
5 105 135 238 251 532 651 720 801 1380 1463 1722 1735 1740 1741 1917 2000 2078 2121 2158 2347 2471 2583 2590 2629 3298 3452 3465 3480 3529 3540 3815 3871 4007 4017 4061 4266 4532 4875 4899 
134 137 157 267 575 681 878 1190 1205 1309 1445 1499 1563 1670 1721 2075 2142 2209 2320 2354 2395 3190 3265 3304 3344 3482 3492 3575 3669 3781 3791 3847 3865 3915 3988 4137 4270 4340 4350 4383 4497 4599 4703 4723 4787 4811 4885 4927 
290 349 892 963 1025 1139 1174 1640 1746 2019 2051 2224 2241 2253 2299 2709 2789 2818 3005 3039 3387 3577 3584 3740 3941 4215 4307 4462 4581 4677 4851 4967 4983 
361 496 505 567 691 760 814 837 1123 1126 1328 1529 1571 1703 2086 2371 2449 2457 2654 2672 2941 2945 3018 3701 3737 3885 4083 4675 4765 4862 4867 4868 
204 297 341 714 805 895 953 1528 1530 1821 1826 2274 2370 2405 2476 2562 2646 3064 3423 3835 3954 4165 4547 
188 245 255 608 934 1002 1289 1320 1375 1384 1408 1462 1539 1551 1564 1831 2033 2218 2254 2430 2433 2460 2469 2487 2596 2847 2854 2907 3028 3096 3112 3123 3129 3214 3250 3251 3368 3469 3668 3769 4050 4081 4363 4556 4980 4989 
177 279 634 1959 2055 2333 2339 2573 2687 2801 2844 2868 3009 3171 3380 3416 3793 4123 4240 4316 4367 4416 4559 
2 220 280 337 548 757 767 803 893 1076 1140 1346 1372 1435 1450 1595 1713 1859 1871 1876 1963 2269 2464 2604 2655 2898 3105 3134 3360 3524 3670 4001 4067 4120 4333 4453 4495 4768 4878 
23 195 320 323 585 770 847 1074 1322 1676 1699 1823 1965 1980 1997 2062 2151 2427 2492 2566 2657 2921 2981 3073 3155 3197 3505 3531 3609 3682 3831 3981 4148 4151 4644 4775 4813 4838 4973 
32 74 319 475 721 743 808 999 1085 1121 1127 1287 1354 1476 1498 1576 2016 2030 2356 2396 2636 2644 2698 2805 2901 2967 3004 3035 3037 3292 3567 3650 3772 3777 3888 4074 4216 4229 4275 4455 4507 4645 4667 4998 
191 288 344 572 612 942 966 1097 1173 1389 1507 1790 1814 1887 1942 2073 2117 2202 2249 2271 3254 3255 3349 3434 3470 3646 3775 3838 3903 4064 4086 4145 4256 4309 4319 4351 4440 4450 4477 4517 4794 
77 136 153 261 470 790 809 1341 1433 1549 1668 1678 1709 2289 2309 2466 2504 2622 3011 3100 3238 3311 3386 4198 4271 4331 4439 4513 4560 4828 4848 4865 
583 876 932 979 1041 1064 1194 1628 2064 2185 2231 2368 2452 2499 2986 3104 3462 4015 4039 4304 
216 306 377 383 458 545 605 680 752 795 810 812 941 1021 1046 1137 1493 1511 1773 2082 2102 2197 2364 2510 2715 2865 2891 2913 3026 3098 3225 3353 3422 3443 3450 3460 3521 3578 3580 3639 3663 3898 3960 4233 4528 4539 4782 4789 4903 
210 428 465 539 559 661 888 996 1009 1308 1451 1526 1553 1597 1702 1818 1904 1918 2273 2352 2448 2468 2802 2820 2846 2853 3047 3117 3248 3497 3537 3698 3872 3889 3944 4008 4282 4472 4731 4909 4918 4938 4972 4994 
31 53 132 399 503 563 576 604 687 818 1118 1394 1663 1719 1729 1791 2401 2502 2508 2572 2722 3068 3804 4030 4139 4173 4338 4624 4642 4798 
26 166 412 482 561 1300 1326 1749 2034 2258 2686 2938 2964 3017 3268 3447 3767 3972 4118 4249 4364 4401 4589 4657 4700 4719 4777 
52 82 274 317 362 479 492 703 773 935 1217 1255 1279 1332 1416 1846 1849 1974 2146 2641 2800 2935 3284 3451 3576 3600 3852 3940 3945 4157 4243 4248 4409 4525 4741 
162 169 231 416 491 558 789 918 1198 1478 1566 1723 1804 1828 1940 2084 2169 2206 2757 3084 3174 3177 3411 3530 3633 3904 4801 
57 83 93 256 448 502 994 1047 1407 1471 1787 2230 2444 2484 2760 2804 3495 3503 3710 3878 4204 4459 4506 4567 4584 
10 38 161 401 473 504 861 948 1062 1130 1135 1146 1162 1186 1193 1242 1266 1298 1387 1444 1449 1900 1928 2132 2337 2360 2505 2600 2785 2947 3086 3125 3150 3193 3366 3554 3681 3868 3939 4071 4166 4662 4965 
124 217 250 304 463 471 485 531 671 708 894 908 1035 1225 1559 1649 1800 1809 2006 2094 2217 2265 2266 2357 2386 2677 2958 2974 3067 3479 3708 3747 4153 4206 4370 4511 4523 4534 4722 4846 4856 4940 4951 
330 357 467 497 553 573 936 1020 1335 1495 1651 1905 1970 1977 2093 2375 2515 2570 2649 2766 2792 2942 3024 3054 3269 3329 3381 3797 4519 4681 4682 4685 4955 4988 
116 223 228 506 588 754 940 1329 1829 1857 2215 2229 2275 2458 2720 2729 2926 3033 3077 3081 3151 3159 3178 3205 3322 3444 3880 4087 4124 4344 4366 4414 4422 4484 4541 4742 4819 
67 100 173 295 457 614 628 725 860 912 945 1249 1256 1276 1282 1361 1461 1467 1591 1712 2140 2431 2662 3573 4241 4591 4699 
141 203 331 424 461 501 546 686 871 1169 1377 1391 1619 1677 1883 1958 2087 2220 2517 2540 2693 2699 2742 2966 2996 3046 3127 3137 3186 3244 3286 3453 3536 3557 3697 3726 3848 3907 3973 3979 3983 4129 4154 4160 4762 4877 4966 
95 246 962 1030 1357 1421 1505 1629 1785 2442 2513 2599 2922 3156 3200 3295 3440 3508 3526 3750 3751 4006 4636 4689 
626 719 851 938 1124 1129 1211 1337 1681 1761 1782 2207 2417 2610 2744 2998 3136 3249 3352 4047 4362 4385 
287 455 537 665 734 753 1013 1052 1593 1720 1725 2002 2212 2831 2953 3006 3055 3226 3319 3407 3427 3863 3974 4373 4384 4669 
51 103 394 676 711 787 891 998 1065 1099 1189 1219 1415 1641 1683 1923 1951 2219 2380 2424 2426 2617 2970 3049 3087 3131 3345 3367 3559 3594 3687 3754 4082 4245 4283 4347 4354 4592 4721 4816 4837 
206 533 599 845 848 1111 1185 1288 1294 1316 1398 1443 1516 1765 1968 1995 2407 2761 2764 2972 2978 2995 3027 3116 3623 3764 3807 4158 4390 4895 
81 477 635 904 1060 1251 1534 1567 1868 2015 2160 2171 2216 2319 2382 2421 2587 2683 2873 2909 3187 3213 3768 3837 3956 4063 4379 4671 4684 4771 4888 
410 992 1003 1246 1334 1343 1648 1892 2027 2138 2403 2547 2814 2841 2893 3002 3110 3310 3845 3858 3935 3986 4156 4315 4400 4433 4598 
193 211 679 785 1043 1110 1254 1406 1738 1896 1975 1987 2196 2305 2501 2524 2551 2732 2918 3040 3074 3435 3886 4220 4280 
284 312 391 483 726 746 1196 1664 1736 1748 1772 1985 2149 2200 2416 2670 2796 2870 2987 3029 3078 3091 3102 3306 3612 3716 3722 4056 4066 4103 4193 4272 4376 4508 4522 4845 
148 176 192 222 414 627 924 925 1080 1238 1268 1822 1984 2001 2063 2170 2186 2211 2399 2529 2597 2661 2665 2748 2826 2851 2885 2892 3008 3093 3148 3274 3331 3379 3739 3794 3832 3841 3855 4060 4134 4252 4470 4489 4712 4759 4979 
18 257 355 402 677 736 798 919 1436 1456 1565 1952 2108 2141 2152 2252 2279 2286 2302 2355 2418 2446 2745 2767 2779 3021 3128 3676 3961 4194 4308 4310 4361 4563 4571 4604 4907 4936 
190 318 406 456 489 602 1138 1156 1245 1400 1536 1834 1840 1869 2131 2191 2233 2248 2288 2331 2488 2711 2879 2943 3051 3058 3198 3340 3445 3611 3653 3691 4096 4184 4242 4311 4313 4504 4533 4562 4576 4650 4655 4717 4745 4959 4996 
87 178 400 490 768 1023 1079 1125 1311 1392 1494 1541 1552 1639 1684 1697 1771 1789 1911 1913 2003 2074 2394 2473 2503 2509 2511 2932 3036 3253 3574 3598 3674 3914 4277 4394 4463 4500 4549 4607 4648 4702 4724 4772 4776 4900 4962 4984 
58 115 155 307 376 381 514 706 852 910 961 1059 1350 1442 1607 1788 1898 1927 1996 2294 2378 2470 2480 2696 2790 2850 2884 2963 2973 3016 3271 3753 3843 3930 4025 4114 4260 4457 4468 4653 4755 4758 4869 4887 4906 4912 
225 356 728 800 985 1010 1148 1179 1188 1991 2046 2049 2109 2161 2246 2512 2797 3014 3133 3426 3593 3644 3913 4091 4322 4329 4336 4412 4415 4436 
35 263 709 740 766 1214 1550 1731 1755 2259 2291 2330 2908 2933 3395 3581 3586 3645 3875 4150 4482 4618 4649 4701 
45 352 592 618 738 950 1018 1081 1182 1382 1396 1486 2018 2451 2876 3143 3212 3458 3677 3942 4481 
7 96 133 536 568 620 842 883 1049 1053 1546 1943 2136 2226 2257 2263 2326 2445 2545 2569 2976 3013 3252 3394 3396 3481 3515 3658 3773 3821 3839 4022 4108 4287 4335 4341 4372 4448 4536 4546 4595 4725 4779 4849 4874 4947 4978 4982 
75 140 254 486 739 745 988 1340 1367 1525 1533 1634 1707 1732 2243 2482 3308 3338 3799 4079 4548 
150 313 326 535 688 781 797 873 977 987 1087 1244 1290 1345 1643 1701 1714 1717 1764 1949 2090 2213 2278 2535 2539 2752 2786 2811 2871 2883 2923 2977 3022 3176 3323 3461 3486 3489 3527 3679 3813 4634 4747 4749 4780 4905 4971 
282 289 460 562 587 984 1015 1243 1253 1368 1447 1464 1581 1745 1774 1865 1878 1885 2045 2057 2058 2147 2180 2276 2312 2531 2543 2556 2774 3260 3359 3671 4141 4303 4615 4732 
291 518 526 600 683 804 856 1012 1224 1261 1665 1752 2348 2561 2647 3053 3228 3388 3397 3752 3766 3870 3977 3980 4169 4179 
396 429 469 765 777 1165 1171 1613 1751 1757 1786 1819 2004 2076 2079 2123 2328 2359 2602 2925 3010 3070 3113 3267 3321 3432 3595 3617 3734 3778 3830 4005 4132 4382 4474 4609 4641 4839 4932 4976 
24 163 244 348 360 450 1152 1201 1504 1906 1950 1973 2089 2434 2706 2905 3052 3192 3362 3551 3876 3927 3966 
36 305 451 631 1133 1278 1339 1410 1473 1622 1843 1947 2316 2522 2581 2609 2643 2695 2848 2875 2936 3023 3373 3475 3579 4033 4140 4320 4659 4661 4686 4822 4847 4942 4981 
249 345 565 660 733 824 835 917 1208 1265 1295 1336 1496 1555 2113 2692 2770 3327 3790 3864 4099 4543 
172 298 369 596 712 955 978 1142 1235 1750 1777 1837 2137 2204 2700 2812 3076 3114 3241 3261 3572 3808 4159 4183 4397 4427 4668 4808 4870 
97 407 939 1014 1033 1453 1604 2101 2162 2719 2860 3182 3208 3318 3414 3431 3634 3788 3957 4253 4261 4445 
144 309 393 508 593 693 782 1072 1155 1183 1414 1422 1428 1429 1460 1657 1690 1784 1861 1967 2387 2454 2463 2520 2652 2803 3488 3520 3563 3603 3696 3899 4035 4187 4230 4317 4465 4521 4561 4585 4643 4665 4754 4784 4804 
73 441 629 732 865 1017 1036 1241 1358 1610 2036 2041 2139 2192 2425 2500 2834 3730 3828 4171 4399 4512 4540 
47 168 354 420 437 880 974 1167 1234 1381 1527 1575 1767 1770 1976 2235 2381 2406 2648 3320 3330 3499 3757 4175 4177 4286 4791 
334 549 807 954 1150 1369 1426 1693 1882 2107 2148 2237 2240 2408 2559 2565 2591 2613 2750 2852 2904 2965 2989 3405 3564 3569 3792 3890 3918 4028 4678 4871 4917 4923 
61 63 65 234 472 523 594 717 903 965 1078 1096 1981 2005 2040 2324 2341 2784 2828 2944 2946 3003 3259 3289 3326 3467 3490 3504 3811 3822 3827 3923 3995 4125 4199 4334 4405 4456 4707 4898 4949 
22 142 199 392 982 983 1063 1210 1434 1594 2181 2250 2322 2514 2555 2616 2758 3145 3239 3335 3369 3597 3643 3854 4210 4291 4348 4402 4664 4706 4929 
92 112 131 525 601 1199 1247 1274 1302 1349 1402 1616 1680 1815 1872 1897 1914 1986 2262 2334 2345 2414 2628 2903 2910 3121 3163 3402 3812 3819 3850 4032 4226 4330 4398 4404 4446 4705 4766 4810 4954 4969 
101 259 325 425 443 464 552 598 799 1024 1088 1524 1542 1686 1763 1817 1945 2145 2172 2542 2619 2679 2735 2754 2816 3119 3154 3184 3203 3446 3466 3500 3642 3756 3765 3774 3800 4012 4163 4190 4323 4353 4558 4613 4744 4809 4818 4987 
226 574 648 830 859 1107 1113 1734 1926 2183 2640 2867 3012 3299 3303 3457 3464 3528 3556 3742 3823 3883 3955 3959 3984 4018 4222 4496 4620 4696 4814 4842 4884 4908 
160 623 644 747 815 874 937 959 1102 1191 1221 1232 1324 1482 1612 1627 1705 1780 2223 2228 2571 2577 2678 2878 2939 2988 3218 3372 3606 3649 3758 3910 3949 4162 4328 4356 4420 4611 4795 4796 4800 
39 126 149 409 591 1153 1207 1659 1989 2163 2567 2725 3232 3324 3473 3496 4046 4170 4269 4279 4429 
8 54 269 540 638 668 763 890 1439 1458 1626 1733 2099 2227 2385 2496 2612 2659 2718 2952 3257 3328 3365 3374 3385 3399 3429 3657 3968 4051 4075 4168 4392 4451 4460 4515 4679 4752 4803 4880 4952 
347 806 820 947 949 1000 1007 1176 1283 1441 2072 2242 2270 2304 2308 2435 2595 2707 2712 2731 2960 3224 3229 3258 3309 3408 3459 3532 3533 3548 3596 3695 3707 3729 3760 3783 3789 3826 4235 4389 4430 4610 4691 4879 4919 
198 530 579 1212 1227 1708 1839 1854 1936 2069 2340 2544 2638 2778 3034 3188 3285 3477 3543 3717 3840 3963 4097 4274 4492 4612 
139 527 550 590 632 844 1032 1045 1187 1318 1418 1474 1783 1796 1902 1921 2124 2292 2634 2777 2821 2886 3111 3485 3494 3736 3762 4748 4834 
28 30 145 397 610 1026 1119 1481 1695 1820 1948 2621 2927 3044 3227 3246 3605 3825 4055 4254 
373 522 639 731 885 1008 1136 1175 1202 1280 1352 1469 2296 2580 2746 3072 3272 3357 3630 3905 4084 4112 4423 4514 4697 
102 241 275 707 1089 1548 1587 1830 1873 1966 2129 2343 2533 2713 2896 2906 3089 3704 3731 3732 3748 3873 4031 4090 4355 4466 4716 4778 
85 462 555 689 698 784 928 1356 1454 1689 2068 2307 2344 2866 2982 3140 3144 3619 3925 3969 4077 4101 4200 4298 4358 4490 4498 4544 4554 4594 4836 4855 4858 4896 
127 445 597 611 666 1031 1317 1570 1624 1692 1758 2143 2234 2861 2900 2948 2951 2961 3031 3043 3069 3235 3293 3389 3456 4186 4211 
336 528 616 779 1297 1338 1399 1700 1704 1939 2159 2182 2516 2716 2736 2840 2845 3079 3455 3816 4021 4281 
84 271 346 554 922 1040 1084 1141 1631 1654 1727 1891 1988 2053 2061 2174 2391 2490 2889 2969 3030 3056 3166 3370 3437 3483 3552 3635 3780 4010 4078 4207 4250 4535 4666 4735 4770 
91 180 382 557 718 1468 1488 1605 1642 1718 1848 2097 2164 2176 2261 2281 2456 2519 2882 3263 3270 3771 4094 4295 4478 4570 4621 4635 4769 4823 4890 
118 459 570 659 696 742 788 841 853 1355 1364 1419 1490 1590 1852 1870 1893 2081 2104 2111 2372 2390 2656 2681 2682 3196 3363 3474 3694 3857 4034 4093 4651 4683 4835 4863 4924 4963 4968 4991 
27 62 170 516 541 547 664 684 775 862 952 1005 1044 1157 1163 1239 1319 1348 1484 1521 1543 1685 1924 2214 2300 3138 3160 3278 3401 3420 3517 3933 3982 4013 4195 4273 4371 4488 4503 4574 4693 4746 4825 4844 4853 4944 5000 
43 179 243 423 543 589 630 1086 1115 1315 1417 1769 1805 2106 2119 2255 2268 2497 2916 3020 3071 3075 3342 3343 3392 3538 3588 3625 3934 3965 4378 
292 333 446 647 802 867 868 957 989 1019 1159 1168 1401 1483 1656 1850 1962 2222 2350 2374 2423 2440 2443 2481 2631 2747 2835 2842 3007 3135 3167 3288 3316 3602 3673 3706 3715 3763 3818 4357 4403 4442 4826 
13 29 40 607 882 907 929 960 1161 1230 1370 1403 1491 1608 1637 1667 1867 2128 2153 2409 2506 2526 2601 2618 2962 2992 3243 3314 3555 3632 4098 4115 4426 4502 4652 4802 4843 4866 4950 
48 79 114 194 422 1351 1385 1425 1509 1562 1568 1726 1833 1874 1886 2047 2239 2576 2708 3275 3689 3795 3833 3856 3920 4122 4133 4434 4437 4530 4596 4726 4760 
388 404 418 480 613 735 1515 1532 1706 1825 1938 2088 2188 2411 2432 2594 2653 2663 3038 3237 3525 3661 3723 3725 3728 3937 4167 4189 4301 4443 4476 4575 4586 4630 4729 4970 4986 
72 88 130 262 273 466 578 748 840 1109 1353 1862 2028 2134 2321 2323 2475 2615 2911 2980 3361 3424 3993 3997 4023 4227 4263 4537 4891 4902 
474 615 744 821 976 1321 1405 1602 1666 1856 2553 3152 3179 3332 3406 3761 3834 3946 4076 4365 
239 385 551 716 762 863 1004 1342 1373 1519 1756 1835 1847 1855 1937 1953 2007 2085 2130 2369 2538 2658 2855 3095 3302 3336 3376 3547 3860 3877 3891 3998 4011 4058 4152 4196 4299 4485 4520 4577 4608 4764 
16 109 197 213 293 643 771 774 881 901 991 1222 1299 1502 1673 1972 2295 2310 2428 2607 2624 2664 2697 2714 2895 3351 3398 3417 3471 3507 3514 3541 3599 3727 3900 3964 4019 4180 4208 4516 4820 4915 
108 110 390 444 875 897 906 1106 1327 1383 1411 2056 2585 2586 2979 3045 3233 3266 3300 3636 3928 3952 4284 4421 4461 4625 4690 
76 454 758 900 914 1366 1395 1431 1438 1583 1633 1698 1716 1932 2025 2037 2283 2477 3222 3223 3418 3560 3561 3592 3686 3741 3987 4234 4239 4432 4663 4783 4941 
184 283 430 649 690 819 858 915 990 1055 1058 1263 1301 1365 1556 1573 1618 1671 1982 1983 2050 2120 2168 2377 2412 2521 2527 2817 2832 3090 3101 3325 3549 3705 4044 4130 4174 4499 4600 4614 4673 4829 4953 4999 
207 219 252 433 524 581 606 769 857 866 879 902 1056 1066 1286 1432 1888 1941 2092 2167 2221 2398 2537 2548 2574 2575 2780 2819 3221 3518 3535 3662 3690 3844 3975 3985 4014 4029 4172 4181 4188 4346 4360 4406 4475 4850 4852 
417 431 1360 1379 1781 1894 2327 2349 2483 2598 2626 2660 2724 2837 3141 3350 3506 3558 3836 3929 3962 4285 
156 248 253 353 637 705 839 1038 1061 1067 1144 1272 1592 2023 2125 2479 2532 2669 2684 2721 2727 2737 2897 2937 2983 3294 3546 3651 3678 3685 3882 3989 3990 4020 4326 4458 4728 4763 4872 
285 303 413 652 700 1262 1304 1603 1753 2029 2060 2154 2236 2441 2856 2894 3204 3454 3628 3745 4062 4278 4289 4428 4654 
86 189 233 277 281 338 367 384 521 828 986 1116 1204 1547 1687 1798 1864 2335 2541 2917 2971 3194 3881 4217 4588 4617 
200 343 519 520 582 1069 1197 1645 2012 2020 2402 2611 2710 2753 2776 2788 2795 3083 3240 3550 3640 3917 3932 3992 4100 4294 4296 4314 4407 4413 4417 4454 4832 4892 4911 4961 
90 143 186 260 386 694 772 1070 1437 1512 1650 1715 1737 2026 2342 2494 2771 2869 2887 3106 3281 3313 3315 3337 3614 3684 3851 4185 4590 4815 4931 4958 
398 667 1022 1104 1226 1544 1578 1623 1653 1691 1827 1919 1920 2155 2453 2723 2924 3618 3638 3713 3908 3931 3991 4318 4327 4565 
44 123 864 921 1122 1423 1479 1522 1523 1558 1582 1661 1807 1880 1969 1999 2022 2095 2195 2759 3082 3147 3175 3654 3666 3779 4131 4225 4259 4359 4368 4441 4602 4637 4761 4921 
146 374 970 1016 1172 1250 1858 1961 2038 2190 2373 2550 2568 2667 3061 3142 3585 3613 4036 4048 4107 4111 4191 4236 4369 4473 4603 4646 
66 529 556 898 920 927 1132 1258 1440 1465 1520 1638 1647 1660 1806 1813 1863 1935 2021 2264 2277 2620 2728 2781 3048 3202 3438 3441 3509 3692 3720 3801 3909 3978 4045 4085 4297 4391 4750 4857 4945 
12 624 832 1160 1635 2928 2959 2991 3124 3195 3242 3439 3721 3906 3922 3948 4069 4135 4146 4244 4377 4573 
20 152 209 378 440 650 759 838 877 1510 1652 2126 2165 2166 2285 2420 2438 2478 2589 2666 2949 3041 3448 3565 3921 4049 4127 4138 4197 4380 4388 4692 4694 4799 4821 4910 
151 159 294 301 710 829 1220 1344 1739 1853 1860 1916 1931 1994 2114 2365 2461 2984 3042 3126 3296 3498 3629 3683 3853 3887 4040 4065 4149 4483 4572 4656 4939 
60 507 755 817 854 1090 1313 1795 1915 1955 1971 1990 2010 2144 2287 2645 2765 2809 2823 3339 3384 3404 3428 3700 4024 4068 4247 4305 4597 4807 4812 
71 564 571 640 993 1100 1203 1275 1284 1285 1579 1589 1881 2175 2400 2485 2493 2534 2824 3157 3276 3283 3287 3810 3867 4337 4555 
138 221 235 481 619 756 1037 1170 1485 1584 1585 1754 2054 2066 2267 2755 2756 2807 2822 2919 3062 3180 3262 3297 3442 3601 3703 3919 4070 4264 4491 4524 4715 4773 4792 4830 4889 4930 4946 
41 158 265 447 569 617 836 1071 1158 1397 1470 1601 1620 1964 1993 2032 2245 2290 2436 2546 3591 3817 3824 3869 4002 4203 4418 4660 4672 4709 4774 
15 321 322 332 351 426 658 715 831 869 930 969 1011 1154 1386 1497 1744 1793 1808 1866 1912 1979 2100 2122 2272 2332 2336 2362 2459 2489 2623 2690 3364 3660 3735 4000 4095 4113 4155 4339 4342 4452 4529 4626 4633 4933 4990 
106 299 335 580 642 654 826 872 958 972 975 981 1292 1409 1899 2179 2301 2314 2564 2739 2813 2864 3108 3161 3280 3282 3307 3371 3449 4396 4605 
196 408 641 699 887 1108 1131 1390 1452 1492 1586 1669 1779 1845 1922 2067 2077 2080 2091 2105 2251 2329 2415 2749 2825 2836 3080 3256 3472 3539 3616 3664 3884 3912 4410 4711 4730 4757 
3 208 224 645 672 723 764 1180 1306 1644 2313 2450 2733 3234 3476 3553 3947 3996 4213 4224 4312 4464 
164 227 258 484 633 796 850 1034 1077 1209 1466 1477 1537 1799 2187 2455 2704 3050 3060 3065 3201 4104 4387 4435 4545 4593 4733 4734 4739 4860 4886 
1 34 236 270 316 517 538 822 1039 1218 1260 1480 1561 2156 2392 2413 2530 2625 2674 2798 2899 2902 3092 3099 3185 3199 3231 3377 3425 3468 3513 3522 3608 3624 3803 3805 3862 3916 4092 4395 4425 4579 4628 4647 4680 4720 4753 
17 78 128 311 315 366 371 375 387 713 780 886 913 968 1114 1134 1296 1427 1472 1838 2203 2734 2880 2956 3153 3409 3413 3542 3798 3879 4026 4374 4786 4881 4935 4995 
111 119 438 695 1027 1151 1267 1270 1330 1413 1513 1954 2011 2178 2303 2536 2694 2950 3582 3589 3652 3746 3895 3967 4041 4128 4192 4214 4257 4381 4469 4471 4494 4553 4616 4992 
37 339 730 737 1264 1305 1448 1517 1554 1598 2065 2474 2528 2968 3103 3173 3620 3770 3814 4117 
42 187 340 488 657 761 889 1048 1094 1164 1178 1363 1378 1424 1617 1759 2112 2232 2247 2298 2549 2557 2680 2741 2827 2830 2872 3183 3215 3355 3393 3615 3743 3820 4009 4043 4088 4136 4142 4352 4449 4564 4718 4740 4793 4824 4893 4894 4943 
308 419 468 544 793 823 827 964 1095 1206 1538 1560 1625 1933 2013 2096 2193 2318 2410 2422 2498 2635 2689 2806 3165 3277 3415 3510 3519 3607 4121 4265 4343 4518 4587 4727 4833 4913 
389 493 622 673 724 778 816 1006 1091 1281 1293 1404 1743 1908 2008 2317 2376 2525 2740 2772 2782 2857 2874 3245 3301 3333 3501 3502 3953 3958 4027 4325 4601 4914 4916 
50 80 107 212 268 364 476 675 749 751 923 1068 1093 1149 1557 1580 1742 1768 2116 2361 2730 2791 2808 2915 2985 3001 3209 3220 3273 3403 3484 3544 3622 3656 3782 3893 3943 3970 4292 
69 327 342 368 453 499 500 512 692 967 1101 1310 1694 1910 1944 1957 2048 2059 2071 2103 2189 2225 2650 2726 2743 2773 2829 2954 2993 3059 3094 3341 3534 3621 3641 3712 3849 3950 4016 4059 4288 4431 4486 4622 4854 4861 
21 165 175 350 452 603 855 909 997 1291 1325 1609 1679 1724 2491 2794 2859 2914 2990 3279 3334 3358 3400 3659 3719 3796 3911 4219 4526 4708 
104 218 242 310 358 487 1075 1098 1200 1331 1776 2717 2929 2940 3181 3216 3378 3412 3648 3749 4205 4501 
884 951 973 1312 1412 1430 1545 1599 1636 1688 2014 2110 2588 2651 2675 2839 2930 2975 2999 3025 3132 3570 4072 4300 
6 372 542 833 931 1347 1393 1446 1506 1766 1851 1875 2043 2044 2404 2676 2769 2955 3892 4052 4147 4302 4375 4408 4552 4582 
4 59 154 171 214 266 328 478 662 685 792 1028 1181 1223 1240 1487 1501 1775 1946 1960 2083 2133 2208 2552 2763 2775 2787 3122 3312 3391 3523 3784 3897 4447 4505 4551 4580 4629 
296 436 449 495 498 682 741 1103 1112 1229 1359 1475 1518 1572 1614 1621 1747 1877 1890 1901 1929 2135 2173 2256 2388 2495 2838 3063 3590 3655 3680 3702 3924 3971 3999 4126 4228 4246 4393 4831 4960 
25 182 432 509 786 911 1143 1147 1228 1269 1503 1535 1674 1802 2035 2467 2701 2738 3172 3390 3493 3631 3667 4003 
621 697 783 943 1231 1569 1925 2031 2039 2052 2379 2462 2584 2849 2877 3118 3264 3604 3802 3936 4110 4306 4557 4638 4751 
117 205 722 843 870 1658 1682 1710 1803 2024 2070 2210 2592 2751 3170 3874 3926 4106 4258 4262 
33 174 324 359 380 427 511 956 1145 1195 1259 1531 1696 2098 2157 2198 2201 2260 2306 2439 2447 2614 2642 2668 2768 2888 3032 3057 3139 3149 3647 3693 4089 4438 4480 4756 4827 4859 4975 
46 49 278 370 395 403 510 560 653 678 750 926 944 946 971 1051 1192 1216 1376 1489 1655 2244 2293 2346 2518 2606 2688 3210 3217 3356 3419 3463 3571 3665 3714 3894 4073 4237 4267 4444 4487 4510 4619 4658 4674 4698 4737 4785 4901 4997 
237 264 534 669 674 701 1082 1213 1248 1371 1956 2042 2118 2205 2280 2703 2833 3120 3162 3168 3236 3478 3511 3512 3516 3626 3709 3759 3859 4038 4212 4221 4238 4324 4568 4606 4670 4738 
