16 169 226 446 696 897 905 916 1072 1174 1192 1221 1231 1483 1619 1934 2095 2210 2304 2355 2643 2671 2769 2878 2886 3358 3380 3481 3752 3790 3820 3929 4043 4147 4152 4513 4702 4816 4885 
119 565 593 726 963 1064 1371 1607 1705 1782 1784 1861 2152 2502 2630 2667 2913 2936 2984 3257 3306 3414 3457 3468 3612 3639 3998 4079 4175 4392 4466 4718 
24 34 102 478 829 864 893 1045 1067 1070 1315 1396 1451 1599 1614 1868 1994 2184 2250 2253 2384 2424 2516 2592 2598 2719 2829 3224 3346 3383 3730 4272 4273 4315 4390 4400 4416 4423 4617 4648 4657 4668 4869 4990 
539 1086 1170 1274 1395 1440 1486 1613 1766 1778 1943 1947 2296 2572 3234 3260 3288 3310 3319 3478 3490 3562 3754 4141 4163 4308 4402 
136 253 264 312 533 544 656 745 1011 1084 1187 1461 1609 1683 1849 1924 1945 2161 2288 2326 2453 2595 2731 2914 2971 3065 3570 3676 4189 4277 4544 4652 
55 224 511 552 732 870 902 1090 1095 1101 1119 1128 1310 1393 1517 1818 1915 2097 2458 2931 3052 3473 3483 3868 3873 3968 4022 4266 4346 4479 4505 4541 4557 4756 
71 228 298 378 509 564 636 806 852 968 1010 1624 1642 1659 1714 1724 1793 1805 2024 2037 2162 2214 2440 2531 2989 3003 3197 3326 3455 3470 3482 3672 3822 3831 3840 3854 3913 3985 4109 4259 4385 4508 4524 4549 4821 4822 4844 4882 4897 
106 152 248 343 470 645 846 925 1046 1150 1155 1167 1220 1236 1340 1378 1489 1647 1729 1746 1755 1767 1789 2285 2785 2822 3103 3129 3206 3235 3728 3802 3836 3939 3991 4159 4573 4647 4925 4931 
127 168 210 275 346 1076 1335 1582 1653 1667 1677 1744 1777 1824 1884 1885 1937 1970 1996 2158 2191 2391 2489 2797 2863 3007 3105 3243 3616 3673 3705 3780 3808 3809 4129 4240 4534 4591 4792 4813 4877 4935 4981 4991 
35 184 310 368 417 545 727 911 1254 1508 1616 1756 1897 1991 2133 2164 2337 2455 2783 2828 2885 2983 3079 3124 3198 3739 3996 4076 4253 4261 4413 4584 4594 4644 4653 4675 4738 4741 4815 4906 4926 4943 
487 607 711 713 715 763 778 972 1109 1266 1276 1308 1364 1443 1475 1481 1722 1752 1889 2023 2048 2050 2051 2748 2798 2924 3083 3259 3304 3312 3350 3495 3575 4122 4154 4173 4244 4288 4298 4318 4372 4463 4526 4562 4715 4716 4785 4955 
109 193 276 405 581 921 942 1411 1802 1988 2005 2016 2140 2203 2329 2415 2426 2646 2660 2662 2749 2763 2808 2910 3012 3168 3290 3400 3494 3583 3611 3775 3902 3965 4203 4349 4596 4611 4705 4892 
110 238 260 266 473 488 504 688 766 1289 1427 1491 1905 1921 1928 1975 2120 2166 2271 2309 2315 2338 2353 2512 2537 2715 2834 2849 2858 2915 2958 3039 3230 3242 3250 3564 3781 3837 3949 4157 4196 4324 4550 4606 4674 4696 4704 4947 
349 506 673 831 855 856 915 1098 1124 1400 1577 1661 1837 1896 1951 2015 2461 2462 2561 2569 2612 2716 2991 3145 3172 3399 3597 3955 4284 4456 4609 4663 4714 
351 492 589 648 768 1336 1390 1902 1959 2041 2125 2352 2443 2548 2605 2781 2871 3091 3160 3213 3244 3266 3322 3426 3871 3886 3971 4262 4464 4469 4530 4724 
30 174 342 398 784 985 1133 1379 1488 1549 1641 1646 1781 2075 2205 2330 2422 2879 3360 3874 4003 4067 4218 
97 293 326 333 569 962 1080 1375 1442 1573 1910 1936 2068 2094 2142 2150 2604 2666 2670 2900 2990 3009 3341 3607 3615 3626 3651 3811 3835 3857 3994 4009 4142 4252 4432 4532 4689 4698 4758 4771 4830 4904 4905 4928 4954 4976 
37 46 114 526 615 678 683 975 1083 1104 1362 1821 1872 1963 1964 1976 2406 2880 3687 3718 3736 4001 4111 
78 366 392 412 848 896 1152 1425 1438 1485 1548 1572 1679 2303 2334 2357 2362 2371 2498 2714 2916 3008 3101 3187 3192 3295 3324 3373 3747 3795 3934 3964 4045 4183 4198 4233 4325 4503 4619 
466 482 570 666 676 712 1061 1246 1501 2096 2114 2365 2394 2403 2427 2570 2818 2853 2945 3086 3130 3178 3403 3547 3582 3644 3690 4012 4120 4245 4264 4275 4590 4614 4654 4769 4857 4895 4910 
357 365 467 476 563 805 814 847 849 1291 1399 1580 1738 1835 2060 2074 2176 2410 2496 2743 2825 2960 3058 3110 3170 3264 3716 3878 3975 4135 4155 4170 4184 4225 4281 4359 4405 4545 4563 4638 4802 4852 4945 4998 
101 107 218 323 421 434 590 754 979 982 987 1004 1048 1895 1935 2045 2057 2199 2204 2252 2385 2474 2550 2684 2778 2842 2966 3550 3581 3805 4052 4234 4380 4477 4568 4589 4660 4666 4681 4829 4949 
212 305 458 606 986 1175 1247 1347 1933 2169 2286 2586 2606 2648 2807 3147 3238 3241 3280 3311 3339 3513 3634 3694 3875 3928 4053 4326 4339 4506 4671 4700 
69 146 156 194 214 493 603 623 689 746 1058 1256 1860 1978 2490 2784 3402 3480 3641 3801 
92 797 834 1436 1521 1546 1719 1750 1909 2009 2012 2130 2208 2209 2528 2626 2688 2693 2702 2726 2830 3025 3175 3249 3387 3413 3492 3510 3538 3762 4224 4301 4350 4370 4383 4420 4427 4448 4470 4536 4575 4727 4801 4846 4891 4967 4968 4992 4993 
29 79 84 268 348 510 584 999 1003 1016 1041 1075 1144 1238 1408 1446 1515 1663 1819 1858 1948 2354 2774 2943 3001 3020 3120 3123 3316 3518 3539 3603 3652 3743 3787 4248 4313 4625 4637 4661 4713 4788 4866 4963 
91 578 772 832 1020 1025 1111 1143 1285 1383 1419 1493 1977 2196 2628 2993 3016 3074 3584 3864 3920 4056 4146 4361 4363 4407 4485 4604 4629 4695 
6 105 111 124 236 484 822 1168 1339 1465 1954 2452 2501 2772 3182 3305 3404 3450 3621 3637 3867 3984 4194 4243 4247 4436 4473 
529 538 734 795 807 821 853 1018 1122 1664 1720 1816 1892 1898 1982 2070 2249 2409 2479 2711 2862 2920 3254 3566 3697 3829 3843 3893 3933 4020 4091 4404 4480 4514 4703 
131 235 505 760 898 931 1148 1151 1890 2036 2274 2699 2904 3155 3158 3208 3390 3800 3884 3894 3944 4030 4174 4216 4347 4444 4515 
163 242 345 353 611 639 825 850 1108 1269 1505 2006 2167 2230 2491 2952 3043 3435 3486 3498 3604 4041 4130 4296 4415 
8 19 217 449 468 667 978 1008 1173 1211 1234 1240 1334 1337 1360 1467 1695 2014 2066 2085 2200 2225 2369 2647 3157 3188 3272 3487 3678 3750 3755 3924 3945 4014 4046 4048 4117 4246 4391 4519 4635 4776 4810 
89 120 592 812 1164 1239 1265 1417 1439 1499 1514 1552 1583 1774 1919 1974 2091 2181 2495 2530 2555 2815 3127 3199 3210 3357 3501 3702 3734 4077 4123 4172 4512 4552 4777 4820 4870 4875 4936 4941 4960 4965 4970 
5 27 70 160 216 414 530 574 747 796 957 1296 1502 1739 1971 2003 2255 2417 2656 2700 2706 2908 3401 3858 3948 4018 4132 4138 4210 4303 4457 4576 4664 4676 
103 240 394 669 743 938 1087 1105 1242 1429 1605 1654 1681 1825 2088 2110 2173 2392 2432 2568 2583 2593 2621 2718 2787 2813 3033 3140 3149 3154 3297 3855 3888 4289 4327 4690 4743 
618 1031 1051 1230 1343 1452 1657 1989 2291 2744 2794 2846 2867 2884 3420 3432 3499 3574 3757 3782 3982 4050 4202 4290 4377 4403 4474 
36 277 314 347 390 416 443 507 577 786 984 1040 1139 1204 1477 1532 1822 2105 2397 2525 2775 2856 3253 3529 3576 3600 3671 3767 3768 3826 3907 3962 3995 4215 4279 4286 4354 4428 4601 4662 4701 4733 4759 4775 4790 4876 4979 
531 591 1294 1358 1507 1565 1953 1986 2098 2108 2237 2244 2293 2321 2333 2447 2897 3233 3503 3599 3640 3816 4121 4187 
129 137 580 608 698 833 1091 1275 1458 1553 1883 1927 2812 3022 3161 3217 3367 3629 3719 3742 3830 4119 
315 546 621 716 993 1060 1106 1217 1332 1509 1566 1817 1865 1966 2062 2223 2431 2504 2754 2758 2869 3061 3334 3967 4040 4267 
28 82 165 246 400 451 479 879 997 1085 1322 1386 1410 1640 1652 1908 1950 2071 2089 2226 2238 2339 2435 2466 2485 2608 2861 2955 3069 3384 3428 3667 3733 3959 4148 4212 4685 4717 4757 4823 4884 
65 208 219 301 331 691 697 742 842 1007 1035 1560 1597 1669 1753 1763 1773 1814 1826 2260 2615 2765 2999 3425 3458 3763 3974 4156 4498 4553 
182 296 389 762 776 945 954 1161 1564 1751 2007 2086 2153 2157 2262 2277 2408 2657 2705 2789 3064 3349 3454 3515 3647 3724 4205 4475 4540 4578 4693 
73 113 170 360 377 396 585 719 774 930 960 1428 1712 1725 1800 2625 2854 2857 2895 3620 3631 3905 3987 3990 4058 4162 4230 
23 99 354 431 681 1019 1354 1536 1557 1635 1810 1925 1968 2123 2224 2312 2350 2629 2891 2892 3180 3633 3788 3942 4316 
321 558 820 841 1005 1103 1480 1503 1830 1882 2180 2254 2590 2712 2723 2940 3055 3177 3508 3548 3561 3746 3845 3917 4166 4320 4323 4487 4577 4579 4603 4636 4719 4730 4736 4763 
41 49 53 722 909 1009 1372 1380 1556 1600 1754 1761 1807 1993 2117 2221 2276 2535 2563 2814 2850 3115 3144 3220 3247 3344 3345 3545 3675 3706 3773 3792 3970 4108 4220 4435 4483 4517 4587 4694 4711 4795 4798 4890 4896 4951 4958 
123 162 186 267 297 540 602 1066 1195 1222 1701 1707 2104 2188 2197 2240 2449 2820 2831 2987 3131 3132 3270 3285 3817 3890 4093 4128 4199 4430 4633 4646 4725 4747 4755 4764 4855 4864 
88 244 562 637 844 895 1120 1129 1213 1251 1279 1320 1587 1769 1836 1841 1867 1880 2029 2186 2407 2416 2433 2596 2796 2883 3128 3375 3578 3879 3915 3916 4027 4096 4118 4256 4343 4345 4566 4585 4593 4808 4828 4916 4950 4995 4996 
7 281 358 549 625 702 967 1074 1093 1114 1369 1568 1715 1792 1899 1923 1960 2505 2860 2882 3044 3106 3300 3318 3391 3431 3445 3533 3628 3683 3707 3908 4007 4082 4520 4608 4634 4683 4708 4731 4768 4824 4853 4858 4899 4934 4985 4986 
195 370 402 699 720 816 1180 1252 1323 1351 1432 1574 1585 1626 1651 1957 1981 2122 2441 2689 3167 3389 3452 3537 3691 3712 3721 3895 4002 4019 4023 4081 4136 4329 4337 4381 4384 4765 4833 4838 4847 4879 4913 4915 4953 4977 
270 429 682 779 904 1015 1053 1142 1278 1533 1765 1823 1864 2072 2279 2425 2509 2622 2639 2800 3082 3298 3439 3512 3568 3740 4098 4144 4461 4620 
770 918 976 1079 1235 1326 1330 1563 1709 1711 1930 2256 2378 2480 2511 2514 2542 3374 3535 3766 3861 3881 4025 4274 
220 551 632 635 759 1006 1138 1407 1544 2004 2064 2463 2690 3176 3196 3381 3504 3543 3551 3704 3923 
39 63 134 180 198 403 610 646 674 753 947 1184 1191 1409 1891 1944 2010 2168 2381 2483 2513 2577 2633 2681 2967 3015 3173 3202 3226 3642 3682 3770 3838 3872 4223 4332 4353 4458 4492 4531 4574 4656 4770 4825 4872 4946 4962 4978 
418 500 741 1092 1182 1185 1365 1718 2299 2541 2692 2727 3278 3382 3521 3650 3731 3737 3926 4150 4200 
239 410 600 640 862 1043 1181 1327 1449 1579 1633 1675 1794 1906 2032 2128 2251 2336 2344 2442 2600 2664 2717 2725 2760 2975 2978 3038 3096 3314 3442 3601 3606 3614 3771 3798 4049 4085 4126 4417 4641 4745 4874 4900 4907 4938 4983 
289 462 475 692 1081 1145 1516 1637 1730 1772 1786 1801 1851 1955 2021 2090 2282 2324 2380 2551 2740 2777 2996 3165 3541 3588 3715 3765 3827 4179 4398 4507 4511 4554 4624 4740 
104 135 227 567 1034 1097 1317 1401 1434 1827 1912 1999 2079 2099 2246 2295 2317 2360 2819 2909 2937 2946 3877 4080 4131 4185 
269 489 499 749 823 839 1059 1189 1368 1482 1510 1847 2127 2227 2283 2316 2454 2533 2710 2795 2877 3030 3046 3313 3434 3580 3635 3685 3823 3977 4036 4219 4269 4538 4569 4626 4645 4794 4803 4909 
96 100 201 285 764 910 932 1110 1331 1423 1456 1699 1742 1907 2342 2683 3076 3252 3463 3534 3708 3772 4125 
20 148 206 362 616 1209 1268 1403 1648 1869 2055 2351 2358 2398 2492 2545 2579 2677 2839 2944 3352 3385 3424 3645 3760 3961 4021 4139 4328 4387 4397 4431 4572 4642 4699 
45 59 373 393 471 662 686 891 1524 1788 2034 2056 2065 2379 2589 3081 3189 3225 3361 3446 3502 4168 
175 190 496 737 800 801 866 974 1037 1325 1333 1363 1627 1682 1710 1733 1787 2017 2109 2235 2395 2420 2757 2898 2917 2998 3292 3397 3423 
25 83 122 188 233 582 601 912 948 1201 1531 1571 1590 1673 2160 2163 2451 2503 2852 3013 3089 3848 
60 282 283 383 387 525 781 944 989 1000 1065 1245 1298 1554 1595 1791 1967 2294 2518 2594 2658 2668 2734 2810 2827 2986 3088 3102 3299 3388 3444 3484 3700 3764 3779 4064 4201 4228 4598 4658 4697 4817 4893 4911 4974 
48 436 517 624 803 869 1179 1593 1645 1920 1973 2220 2310 2566 2868 2922 3024 3219 3421 3922 4083 4124 4237 
95 255 528 573 694 936 998 1216 1463 1466 1490 1775 1806 1917 2558 2855 3031 3056 3275 3325 3338 3441 3627 3674 3891 4035 4160 
112 147 187 424 519 588 701 780 783 835 1057 1073 1361 1421 1617 1799 2134 2421 2519 2578 2738 2791 2859 2896 2912 3075 3094 3269 3654 3663 3930 3938 4490 4581 
93 308 329 344 620 704 980 1301 1437 1453 1471 1594 1834 1877 1956 2035 2076 2102 2171 2211 2645 2755 2801 2965 3028 3114 3118 3296 3411 3622 3703 4086 4113 4171 4304 4426 4610 4639 4789 4832 4940 
33 52 337 695 794 1002 1447 1558 1708 1828 1984 2151 2236 2359 2383 2576 2587 2742 3111 3302 3340 3632 3646 4017 4115 4232 4258 4309 4314 4321 4640 
64 77 643 804 1260 1300 1588 1631 1862 1874 1979 2013 2159 2300 2301 2328 2651 2685 3119 3286 3342 3590 3596 3789 3799 3900 3931 4137 4161 4197 4338 4418 4442 4571 4735 4760 4837 4873 4887 4901 4921 4957 
85 145 166 302 318 336 455 657 851 861 913 1177 1270 1525 1621 1808 1990 2000 2026 2143 2258 2284 2396 2928 3203 3320 3331 3376 3555 3573 3638 3870 4078 4209 4302 4333 4344 4374 4419 4467 4752 4772 4784 4807 4856 4898 4908 4927 
295 300 438 453 672 826 880 1156 1188 1214 1392 1426 1497 1523 1542 2174 2366 2437 2573 2697 2985 3107 3139 3274 3317 3356 3407 3686 3711 4235 4360 4382 4476 4518 
481 614 652 671 738 1200 1373 1448 1863 2067 2588 2616 2707 2737 2762 2921 2970 3077 3218 3227 3293 3449 3608 3753 3921 4059 4068 4101 4191 4335 4376 4446 4471 4580 4627 4712 4720 4826 4841 4933 4937 
334 483 868 1039 1402 1622 1658 1676 1688 2411 2468 2607 2799 2962 2980 3095 3153 3185 3277 3885 4116 
223 631 777 827 934 1135 1264 1302 1344 1655 1726 1833 1850 1852 2257 2272 2534 2687 2771 2782 2954 3117 3315 3366 3577 3585 3595 3814 3957 4143 4195 4242 4278 4367 4734 4746 4767 4849 4861 4865 4930 
130 144 185 229 230 319 327 459 556 627 750 824 917 1131 1304 1357 1385 1713 1723 1815 1904 2325 2346 2445 2580 2779 2903 3134 3379 3479 3710 3776 3793 3803 3821 4047 4167 4190 4283 4728 4749 4787 4806 4859 4956 
213 250 679 733 949 956 1146 1202 1321 1348 1506 1581 1589 1634 2499 2617 2636 2876 2988 3000 3221 3386 3680 4063 4102 4217 
143 155 178 225 381 550 790 1042 1359 1441 1586 1972 2172 2231 2400 2429 2477 2611 2949 3034 3070 3090 3271 3415 3544 3554 3666 4375 4558 
14 98 324 454 629 1013 1140 1312 1474 2215 2747 2816 3287 3416 3456 3532 3593 3668 3756 3759 
179 385 420 444 576 751 867 888 899 933 1121 1262 1374 1460 1603 1674 2217 2506 2649 3018 3048 3354 3853 4236 4271 
81 87 395 502 587 661 828 883 887 1026 1028 1680 1737 2194 2428 2464 2482 2926 3359 3364 3882 3897 3956 4051 4291 4299 4411 4500 
261 427 441 513 613 815 1303 1540 1575 1620 1685 1698 1770 2118 2147 2289 2343 2430 2728 2809 2844 2992 3141 3193 3519 3656 3896 4032 4165 4362 4547 4602 4631 4678 
207 654 802 836 965 1349 1398 1650 1721 1758 1931 2115 2206 2213 2835 2906 3023 3068 3200 3906 4010 4084 4097 4379 4414 4424 4488 
222 739 1001 1027 1063 1102 1473 1735 1840 1857 2063 2287 2345 2465 2522 2865 3273 3283 3347 3371 3474 3664 
2 62 115 132 171 407 472 757 882 1147 1162 1293 1433 1454 1632 1768 1879 1918 2069 2412 2419 2460 2652 2793 3237 3410 3563 3709 3806 3986 4028 4112 4213 4422 4723 4781 4831 
149 205 364 469 596 874 991 1068 1316 1644 1671 1795 1853 2149 2347 2418 2497 2581 2817 2875 3037 3212 3398 3448 3524 3849 4074 4151 4260 4340 4722 
22 32 67 181 262 382 411 554 617 633 675 914 1248 1292 1356 1394 1430 1462 1550 1584 1670 1848 2609 2739 3067 3100 3569 3665 3714 3777 3847 4282 4455 4529 4564 4567 4842 4867 4922 4932 
15 47 74 209 259 372 575 659 690 969 1047 1186 1376 1455 1611 1820 2107 2138 2364 2507 2730 3166 3396 3433 3525 3610 3669 3778 3807 3839 3850 3876 3903 3969 3976 3979 4013 4182 4193 4268 4440 4560 4628 4706 4750 4914 5000 
379 435 452 503 516 523 935 1117 1178 1412 1444 1498 1512 1785 1838 2027 2093 2228 2486 2527 2632 2736 2750 2753 3021 3476 3943 4114 4164 4542 4559 
108 116 313 369 428 518 542 714 837 961 1116 1608 1771 1813 1946 2313 2335 2401 2526 2544 2556 2575 2602 2851 3092 3116 3377 3506 3516 3695 3815 3899 4103 4177 4493 4551 4583 4707 4753 4811 4827 4839 4939 
138 320 363 498 843 1137 1227 1366 1534 1535 1734 1779 1798 1997 2019 2083 2222 2233 2487 2488 2838 2933 2935 2977 3042 3122 3587 3648 3804 4037 4188 4460 4491 4495 4535 4597 4650 4819 4889 
94 251 361 477 568 687 970 1208 1342 1367 2132 2154 2259 2368 2388 2543 2638 2642 3006 3026 3146 3475 3542 3591 3846 4055 4358 4425 4439 4555 4588 4665 4739 
57 200 243 258 288 355 789 973 1126 1282 1468 1495 1541 1578 1706 1843 2144 2475 2493 2599 2704 2824 2845 2939 2981 3041 3191 3418 3437 3653 3717 3741 4071 4127 4494 4539 4860 
1 197 612 658 876 1130 1157 1233 1352 1478 1687 1717 1732 2229 2521 2546 2682 2752 2959 2961 3148 3459 3841 4042 4133 4351 4356 4409 4632 4651 
273 309 501 919 1022 1029 1160 1205 1353 1476 1500 1518 1702 2319 2459 3698 3940 4006 4039 4073 
66 139 141 380 536 594 773 775 845 929 996 1149 1169 1176 1206 1249 1261 1527 2059 2081 2145 2270 2676 2703 2953 3053 3073 3109 3351 3465 3560 3910 4227 4297 4307 4355 4496 4582 4680 4796 4854 4966 
404 494 497 561 595 604 700 791 922 1224 1435 1457 1522 1528 1700 1969 2038 2297 2470 2484 2494 2564 2708 2759 2805 3002 3036 3097 3181 3209 3255 3261 3263 3327 4300 4556 4687 4691 4793 4868 4878 4959 
11 664 871 908 937 966 1134 1212 1253 1422 1900 2025 2311 2323 2348 2547 2663 2957 3071 3307 3378 3660 3758 3999 4069 4104 4221 
176 263 384 736 872 1038 1601 1665 1684 1894 1916 2106 2156 2193 2216 2263 2278 2478 2635 2832 2995 3078 3084 3133 3289 3336 3392 3681 3786 3953 4105 4497 4684 
42 299 440 543 723 830 859 881 1032 1094 1237 1319 1450 1958 2033 2040 2047 2183 2559 2560 2614 2627 2669 2686 2735 2761 2934 2951 3207 3461 3511 3553 3565 3655 4222 4366 4452 4465 4502 4516 4686 4835 4994 4999 
249 486 520 583 718 809 926 1062 1096 1193 1381 1576 1606 1803 2043 2116 2119 2135 2136 2177 2178 2185 2331 2508 2552 2553 2823 2887 2932 3040 3054 3262 3372 3409 3507 3749 3860 4330 4406 4421 4521 4709 4761 4851 4894 4942 4972 
31 371 990 1313 1570 1692 2082 2239 2472 2679 2768 2780 2840 2873 3135 3174 3517 3520 3586 3909 4000 4044 
278 292 374 433 450 465 885 1132 1154 1207 1355 1513 1543 1911 2266 2273 2450 2473 2481 2673 2982 3136 3194 3201 3291 3348 3395 3419 3670 3701 4072 4106 4158 4305 4322 4336 4649 4670 4850 
133 257 279 426 491 744 992 1030 1811 1845 1855 1873 2030 2031 2320 2659 2821 3032 3152 3509 3514 3851 3918 4149 4207 
126 204 287 456 707 907 959 1341 1537 1596 1636 1660 2018 2434 2956 3014 3057 3080 3526 3618 3818 3828 3865 3960 3997 4092 
50 121 237 241 340 399 547 684 1127 1271 1324 1384 1445 1470 1643 1961 2146 2672 2792 2806 2976 3019 3093 3422 3497 3530 3619 3722 3732 3735 3863 4008 4369 4373 4395 4786 
535 548 630 717 788 1115 1225 1281 1309 1318 1745 1790 2126 2584 2634 2890 3246 3332 3363 3370 3417 3447 3489 3557 3925 3980 3993 4214 4239 4310 4499 4673 
167 256 272 274 442 586 653 877 1141 1159 1693 2139 2141 2155 2372 2565 3004 3005 3138 3151 3183 3211 3546 3833 3941 4434 
172 439 445 541 665 710 785 793 818 1049 1197 1223 1229 1284 1391 1639 1762 2022 2456 2524 2721 2741 2907 2918 3368 3693 3813 3887 3950 3951 4408 4438 4523 4679 4744 4814 
10 44 153 183 332 605 622 1069 1089 1163 1345 1389 1484 1796 1804 1812 1854 1995 2002 2112 2265 2675 2803 2899 3408 3443 3464 4331 
158 196 461 555 731 964 1107 1311 1472 1511 1592 1760 1887 2087 2393 2582 2650 2680 2732 2733 2746 2751 3050 3137 3143 3239 3337 3430 3471 3505 3589 3744 3791 3947 4293 4389 4729 4918 4923 4944 4952 
128 191 771 798 1014 1243 1559 1649 1740 2084 2532 2833 2893 2963 3282 3369 3785 3978 3992 4090 4100 4153 
4 80 203 306 406 457 463 680 740 765 927 1190 1272 1405 1418 1610 1612 1741 1875 2054 2100 2340 2549 2597 3284 3477 3549 3592 3677 3889 3914 4352 4501 4667 4732 4773 
40 118 294 339 376 474 761 1088 1210 1479 1630 1704 1844 1888 2377 2404 2720 3035 3112 3256 3466 3500 3661 3720 3723 3819 3966 4099 4145 4441 4450 4462 4612 
38 140 291 367 705 900 952 955 1420 1459 1530 1757 1893 1914 1952 2182 2268 2375 2413 2436 2804 3265 3901 3927 3973 4075 4371 4401 4522 4622 4682 
21 61 430 490 644 735 903 1012 1388 1926 2247 2264 2290 2678 2695 2911 2930 2942 3049 3072 3330 3659 3679 4396 4486 4527 4548 
9 43 58 352 388 409 422 995 1036 1071 1199 1226 1267 1280 2061 2218 2376 2444 2603 2654 2826 2947 3163 3294 3460 3662 3725 3726 3783 4005 4088 4178 4211 4231 4251 4525 4543 4586 4871 
413 432 448 532 559 638 782 1056 1424 1886 1903 1932 2001 2881 2948 3011 3098 3150 3156 3162 3171 3333 3523 3552 3559 3859 3935 3937 4033 4528 4546 
252 280 311 415 514 566 685 886 924 1183 1602 1962 1992 2078 2192 2332 2520 2938 3047 3085 3087 3126 3229 3240 3335 3343 3436 3579 3748 3796 3797 3832 3862 3883 4054 4255 4306 4443 4595 4618 4742 4903 4917 4924 4961 4971 4984 
90 221 341 553 873 958 1099 1487 1829 2049 2077 2111 2245 2361 2402 2619 2724 3060 3231 3309 3440 3696 3825 3892 4011 4016 4204 4276 4319 4623 4659 
3 151 609 626 703 708 988 1259 1406 1415 1464 1494 1561 1567 1656 1666 1809 1831 1832 1871 1878 2052 2624 2655 2701 2713 2905 3205 3251 3268 3467 3866 4034 4265 4537 4592 4748 4778 
284 521 983 1054 1077 1125 1165 1623 2046 2243 2341 2770 3186 3469 3624 3751 3769 3784 3932 4004 4062 4169 
159 265 693 758 799 808 819 1078 1123 1241 1638 1728 1856 1965 1980 2058 2131 2175 2471 2623 2964 3223 3491 3522 4134 4364 4399 4468 4478 4489 4688 
247 317 425 508 527 663 728 769 981 1017 1215 1287 1305 1306 1404 1539 1604 1628 1668 1736 1940 2212 2219 2469 2536 2745 2866 2894 3017 3045 3059 3429 3462 3602 3684 3954 4295 4312 4484 4600 4643 4840 4919 4929 4982 4988 4989 
157 325 328 597 971 1112 1136 1172 1194 1382 1538 1727 1731 1866 2008 2101 2165 2476 2523 2698 2729 2776 3214 3362 3598 3613 3844 3952 4095 4110 4285 4451 4570 4669 4737 4779 
359 423 437 840 928 1050 1218 1232 1329 1413 1504 1618 1842 2028 2281 2306 2374 2387 2446 2618 2696 2764 2790 2864 3164 3190 3279 3527 3689 4089 4317 4454 4509 4607 4766 4845 
154 189 234 271 307 401 515 579 709 817 884 1689 1696 1839 1985 2308 2585 2691 4015 4024 
125 164 485 512 599 628 729 894 923 1171 1196 1314 1350 1387 1496 1562 1703 1743 1747 1922 2039 2189 2201 2207 2261 2267 2275 2298 2314 2389 2674 2847 2874 2919 2968 3063 3605 3609 3692 3713 3946 4180 4250 4292 4482 4655 4886 4948 4987 
290 571 668 1153 1158 1397 1519 1591 1629 1678 1716 1998 2044 2092 2305 2399 2601 2644 2972 3222 3276 3323 3329 3406 3427 3536 3898 4060 4386 4412 4504 4510 4692 4726 4751 4791 4818 4836 
18 26 142 408 641 724 767 811 875 1023 1113 1228 1569 1694 1870 1939 1941 1942 2073 2517 2554 3066 3204 3328 3453 3617 3824 3842 3958 4341 4449 4561 4774 4804 4805 
335 375 397 419 534 651 755 787 946 1545 2187 2367 2373 2620 2974 3228 3258 3308 3405 3485 3496 3531 3699 3812 3919 3972 3988 3989 4070 4087 4342 4378 4394 4453 4605 4613 4754 4780 4812 
17 391 460 670 890 901 1021 1203 1250 1255 1370 1526 1780 1987 2121 2129 2190 2370 2405 2591 2661 2665 2756 3099 3267 3303 3365 3488 3556 3623 3657 3852 3983 4249 4270 4365 4410 4616 4782 4783 4799 4834 4881 4902 4969 4980 
76 560 860 863 939 940 941 1258 1273 1286 1290 1295 1297 1551 1672 1876 2363 2510 2540 2870 2994 3215 3216 3880 3963 4226 4241 4254 4263 4533 
231 524 634 649 810 838 878 892 906 1346 1377 2242 2322 2637 3104 3412 3451 3658 3745 4140 4208 4257 
12 117 202 725 813 857 950 1547 1662 1748 1846 2269 2386 2448 2888 2902 2969 3142 3540 3794 3869 4026 4186 4294 
86 177 338 537 721 1283 1328 1529 1859 2053 2248 2318 2438 2631 2767 2786 2923 2997 3113 3301 3394 3630 3649 3936 4311 4368 
72 150 245 557 572 598 642 655 748 752 756 865 943 1044 1100 1263 1492 1555 1598 1913 2179 2349 2457 2562 2574 2709 2836 2872 3029 3062 3688 4094 4206 4238 4437 4459 4672 4677 
68 173 215 792 889 1052 1055 1219 1277 1691 1783 2042 2198 2307 2539 2557 2571 2788 2837 2848 3121 3169 3321 3528 3810 3912 4031 4057 4066 4229 4393 4433 4445 4481 4615 4630 4710 4848 4862 4883 4888 
54 316 920 977 1024 1244 1520 1929 2113 2202 2234 2327 2390 2467 2841 3027 3125 3355 3636 3727 3761 3774 4176 4181 
199 211 254 330 522 1033 1166 1299 1414 1625 1759 1983 2195 2232 2500 2610 2843 3236 3248 3353 3493 3594 3625 3904 4429 
192 286 322 647 951 1338 1690 2148 2170 2356 2382 2529 2613 2773 2941 2973 3051 3108 3472 3729 
13 75 303 304 350 356 447 464 480 650 1118 1431 1615 1764 1797 2020 2080 2124 2280 2439 2538 2567 2640 2901 2979 3159 3232 3393 3567 3738 3856 4038 4061 4065 4192 4287 4348 4809 4912 
161 386 619 660 677 854 994 1082 1198 1307 1416 1776 1881 1901 1949 2137 2302 2414 2423 2515 2653 2694 2722 2889 2927 3010 3195 3245 3281 3438 3558 3571 3911 4029 4107 4280 4357 4388 4447 4565 4621 4721 4762 4797 4843 4920 4964 4973 4975 4997 
51 56 232 495 706 730 858 953 1257 1288 1469 1686 1697 1749 1938 2011 2103 2241 2292 2641 2766 2802 2811 2925 2929 2950 3179 3184 3572 3643 3834 3981 4334 4472 4599 4800 4863 4880 
