160 230
1 72
82 1
82 37
24 139
24 29
143 37
143 64
72 37
72 1
17 138
17 112
14 147
14 50
13 115
4 105
2 122
51 61
47 41
47 46
113 114
113 109
1 29
1 37
1 36
1 42
3 144
3 6
3 56
3 10
3 35
3 34
3 30
5 32
5 139
6 145
6 56
6 144
6 80
7 81
7 8
8 9
9 11
10 21
10 149
11 115
12 155
12 16
12 112
12 117
12 159
15 17
15 16
15 2
16 63
16 155
18 138
18 112
19 151
20 151
20 62
20 90
21 22
23 64
23 145
25 30
25 35
25 74
26 49
26 28
27 85
27 94
27 102
27 104
27 156
28 109
30 35
30 74
30 56
31 76
31 147
32 139
32 45
33 50
33 147
34 35
35 55
36 91
36 103
37 64
37 139
38 73
39 46
39 94
39 85
39 110
40 46
40 110
40 156
43 155
43 112
44 81
44 87
45 69
45 81
45 87
45 139
46 156
48 49
48 110
50 70
50 80
50 147
52 66
52 54
53 123
53 122
55 112
57 58
58 126
59 63
60 63
60 77
61 90
61 126
62 66
63 77
63 76
63 81
63 136
64 80
64 37
65 136
65 153
65 138
66 90
66 127
66 150
67 70
67 76
68 103
68 98
68 86
69 81
69 75
71 97
75 160
75 146
76 139
76 160
76 147
78 84
78 160
79 84
80 145
80 146
81 69
83 85
83 95
83 86
84 160
85 86
85 94
86 91
86 98
88 100
88 96
89 119
89 132
89 133
89 134
89 101
89 96
90 156
91 93
91 116
91 138
92 116
92 138
93 148
93 116
94 97
96 104
96 105
96 106
97 104
97 120
97 98
99 101
99 125
99 157
99 137
100 104
101 137
102 111
102 108
105 107
106 111
109 124
112 114
112 122
112 151
112 123
115 155
116 137
117 118
119 134
120 125
120 137
121 122
122 124
125 138
125 148
125 137
127 128
128 130
129 130
130 131
131 149
132 133
135 154
135 152
136 159
138 141
140 141
141 142
144 145
149 150
153 154
158 159
22 38
