2259382849.287457
141195951.074125
8881990.252272
630546.994809
119373.510774
88548.753068
86863.626774
86732.934924
86614.083287
86391.218226
85700.802113
82509.633219
74664.443341
67065.082113
62285.876213
59173.636917
56616.779949
54657.790283
53152.469439
51845.489986
50684.643191
49676.431458
48810.723377
48057.622175
47401.131001
46828.739803
46313.132780
45830.687618
45374.198805
44939.952228
44522.807292
44117.094400
43727.074819
43392.091917
43120.185014
42899.551984
42722.709839
42583.890998
42478.001080
42399.495017
42342.125220
42299.805308
42267.446824
42241.116975
42218.001047
42196.033941
42173.579731
42149.223419
42121.682269
42089.956355
42053.599665
42012.662897
41967.039056
41919.105255
41871.624182
41826.206629
41784.275286
41746.838446
41714.368792
41687.022698
41664.512315
41646.310221
41631.715471
41620.084351
41610.713609
41602.934305
41595.980305
41589.422817
41582.775652
41575.485415
41567.127771
41557.549196
41546.639448
41534.292148
41520.493154
41505.382660
41489.310967
41472.940266
41457.037852
41442.227883
41428.804963
41416.614459
41405.178935
41393.673914
41381.193992
41366.935421
41350.269166
41330.901350
41308.927517
41284.908038
41259.782030
41234.684953
41210.746700
41188.512898
41168.049686
41151.017046
41138.354979
41129.047862
41121.892175
41115.880847
